theta s11 s12 s13 s14 s21 s22 s23 s24 s31 s32 s33 s34 s41 s42 s43 s44
0.00 7.5842501388E+000 -1.7763568394E-015 -3.6114002869E-017 -2.1298380725E-017 -1.7763568394E-015 7.5842501388E+000 2.2964190827E-018 4.5011085429E-017 -3.6114002869E-017 -2.2964190827E-018 7.5842501388E+000 -4.4408920985E-015 -2.1298380725E-017 -4.5011085429E-017 4.4408920985E-015 7.5842501388E+000
1.00 7.5793391674E+000 -1.2543315693E-003 -3.6269590092E-017 -2.1173336336E-017 -1.2543315693E-003 7.5793391674E+000 3.3498759972E-018 4.6778810633E-017 -3.6270421295E-017 -3.3469348278E-018 7.5793390474E+000 4.9602408015E-004 -2.1163221391E-017 -4.6775088286E-017 -4.9602408015E-004 7.5793390474E+000
2.00 7.5646248671E+000 -5.0086683409E-003 -1.6705733450E-017 -3.0771963026E-017 -5.0086683409E-003 7.5646248671E+000 3.5769878994E-018 3.0298102550E-017 -1.6711422079E-017 -3.5738571444E-018 7.5646229495E+000 1.9811749747E-003 -3.0747533204E-017 -3.0276799585E-017 -1.9811749747E-003 7.5646229495E+000
3.00 7.5401629667E+000 -1.1237107027E-002 -3.8945140206E-017 -3.1380257877E-017 -1.1237107027E-002 7.5401629667E+000 8.2886739065E-018 4.3491245991E-017 -3.8951291957E-017 -8.2562625127E-018 7.5401532822E+000 4.4467090628E-003 -3.1292512055E-017 -4.3439666759E-017 -4.4467090628E-003 7.5401532822E+000
4.00 7.5060459683E+000 -1.9896709862E-002 -3.7803588553E-017 -1.1514856277E-018 -1.9896709862E-002 7.5060459683E+000 -1.9150392962E-017 3.3164155427E-017 -3.7855580054E-017 1.9215853001E-017 7.5060154633E+000 7.8781215262E-003 -1.0238475597E-018 -3.3181406354E-017 -7.8781215262E-003 7.5060154633E+000
5.00 7.4624025827E+000 -3.0927853779E-002 -5.7893759582E-017 -1.3479658822E-017 -3.0927853779E-002 7.4624025827E+000 -3.5507852556E-017 5.4605919328E-017 -5.8063107627E-017 3.5658464265E-017 7.4623284291E+000 1.2255247568E-002 -1.3158120832E-017 -5.4609156336E-017 -1.2255247568E-002 7.4623284291E+000
6.00 7.4093969450E+000 -4.4254714492E-002 -5.0751426913E-017 -2.6863322592E-017 -4.4254714492E-002 7.4093969450E+000 -1.1943010807E-017 2.8923895268E-017 -5.0886754412E-017 1.2178180850E-017 7.4092439913E+000 1.7552402916E-002 -2.6570567394E-017 -2.8792890227E-017 -1.7552402916E-002 7.4092439913E+000
7.00 7.3472276172E+000 -5.9785880782E-002 -3.4994966128E-017 -2.4214559101E-017 -5.9785880782E-002 7.3472276172E+000 -6.0695056920E-018 5.5830401989E-017 -3.5122105668E-017 6.1746832380E-018 7.3469460178E+000 2.3738562415E-002 -2.3647684207E-017 -5.5655446459E-017 -2.3738562415E-002 7.3469460178E+000
8.00 7.2761263865E+000 -7.7415093038E-002 1.8829454825E-017 -5.8001029238E-017 -7.7415093038E-002 7.2761263865E+000 3.7589886992E-017 3.4052641523E-017 1.8986476792E-017 -3.7933472201E-017 7.2756494443E+000 3.0777575206E-002 -5.7722817984E-017 -3.3277258614E-017 -3.0777575206E-002 7.2756494443E+000
9.00 7.1963568685E+000 -9.7022098929E-002 -4.3112616309E-017 -4.6128312730E-017 -9.7022098929E-002 7.1963568685E+000 3.7618407841E-017 5.3185017793E-017 -4.2852501085E-017 -3.7322189644E-017 7.1955991228E+000 3.8628414678E-002 -4.5186001660E-017 -5.2368287744E-017 -3.8628414678E-002 7.1955991228E+000
10.00 7.1082129270E+000 -1.1847361796E-001 -1.3155010119E-017 -6.2869612334E-017 -1.1847361796E-001 7.1082129270E+000 4.2177906133E-017 1.2508759903E-017 -1.2870078859E-017 -4.2039748826E-017 7.1070685155E+000 4.7245461084E-002 -6.2585660922E-017 -1.1183281957E-017 -4.7245461084E-002 7.1070685155E+000
11.00 7.0120169238E+000 -1.4162440569E-001 -3.1212275662E-017 -3.0951700039E-017 -1.4162440569E-001 7.0120169238E+000 -3.0900434666E-017 4.0151291965E-017 -3.2085142191E-017 3.1217187004E-017 7.0103582437E+000 5.6578814476E-002 -2.9888929358E-017 -3.9787446573E-017 -5.6578814476E-002 7.0103582437E+000
12.00 6.9081178115E+000 -1.6631840744E-001 2.4599199948E-017 -9.8278120746E-017 -1.6631840744E-001 6.9081178115E+000 4.6650978260E-017 3.2211227385E-017 2.4788428583E-017 -4.7542514592E-017 6.9057945019E+000 6.6574635333E-002 -9.7774383059E-017 -2.9396815598E-017 -6.6574635333E-002 6.9057945019E+000
13.00 6.7968890861E+000 -1.9238999059E-001 -1.6898371862E-018 -2.8255300200E-017 -1.9238999059E-001 6.7968890861E+000 2.6147715906E-017 2.8899832352E-017 -1.2618171812E-018 -2.6427980312E-017 6.7937273481E+000 7.7175510091E-002 -2.7435708285E-017 -2.7812909706E-017 -7.7175510091E-002 6.7937273481E+000
14.00 6.6787266143E+000 -2.1966524381E-001 -3.7256595215E-017 -1.3826566055E-017 -2.1966524381E-001 6.6787266143E+000 -6.3617551868E-018 5.1023769411E-017 -3.7643661509E-017 6.9211188582E-018 6.6745288821E+000 8.8320838537E-002 -1.1657899392E-017 -5.0692397279E-017 -8.8320838537E-002 6.6745288821E+000
15.00 6.5540463540E+000 -2.4796333119E-001 -4.9490040630E-017 -6.8339411787E-017 -2.4796333119E-001 6.5540463540E+000 -2.9200172505E-017 2.3901381573E-017 -5.1654981875E-017 3.0765675085E-017 6.5485913253E+000 9.9947239930E-002 -6.6702930737E-017 -2.1803168311E-017 -9.9947239930E-002 6.5485913253E+000
16.00 6.4232819848E+000 -2.7709788852E-001 -3.7471722791E-017 -7.6368233163E-017 -2.7709788852E-001 6.4232819848E+000 3.7213577089E-017 -4.2396955051E-017 -3.7260196405E-017 -3.4826696507E-017 6.4163250140E+000 1.1198897455E-001 -7.7631677126E-017 4.6348849088E-017 -1.1198897455E-001 6.4163250140E+000
17.00 6.2868824670E+000 -3.0687844916E-001 -8.3675040836E-017 -2.7988295310E-017 -3.0687844916E-001 6.2868824670E+000 -2.5189037884E-017 2.3199380970E-017 -8.5521814300E-017 2.8869637495E-017 6.2781563210E+000 1.2437837730E-001 -2.5198905609E-017 -2.2435493522E-017 -1.2437837730E-001 6.2781563210E+000
18.00 6.1453095491E+000 -3.3711188629E-001 -1.9382450331E-016 -3.3816369673E-017 -3.3711188629E-001 6.1453095491E+000 -9.7963875764E-017 2.5498391255E-017 -2.0017424605E-016 1.0820424065E-016 6.1345255189E+000 1.3704629985E-001 -2.8002672483E-017 -2.6102197702E-017 -1.3704629985E-001 6.1345255189E+000
19.00 5.9990352402E+000 -3.6760385877E-001 1.7179735802E-017 -4.3455996601E-017 -3.6760385877E-001 5.9990352402E+000 6.4981369283E-017 -1.9866794909E-017 2.0074159754E-017 -6.5572516212E-017 5.9858845999E+000 1.4992255803E-001 -4.5274299953E-017 2.4221481680E-017 -1.4992255803E-001 5.9858845999E+000
20.00 5.8485392684E+000 -3.9816024773E-001 -1.1255419935E-016 -3.9572783577E-017 -3.9816024773E-001 5.8485392684E+000 -5.9181971739E-017 6.5952186898E-017 -1.1779069828E-016 6.5203282394E-017 5.8326950655E+000 1.6293638068E-001 -3.1887668993E-017 -6.5251419483E-017 -1.6293638068E-001 5.8326950655E+000
21.00 5.6943065422E+000 -4.2858857131E-001 2.0607810871E-016 -6.2968632968E-018 -4.2858857131E-001 5.6943065422E+000 2.1026503992E-016 4.1299416220E-017 2.2232911043E-016 -2.2757832080E-016 5.6754257020E+000 1.7601685689E-001 -1.0094305924E-017 -3.3903210385E-017 -1.7601685689E-001 5.6754257020E+000
22.00 5.5368246337E+000 -4.5869936554E-001 5.7865326556E-017 8.3741403233E-018 -4.5869936554E-001 5.5368246337E+000 7.1750685766E-017 1.4517376091E-016 6.4693575539E-017 -8.1779557503E-017 5.5145503543E+000 1.8909337797E-001 1.8265157673E-017 -1.4365249109E-016 -1.8909337797E-001 5.5145503543E+000
23.00 5.3765813014E+000 -4.8830751958E-001 1.3237977618E-017 6.3975615021E-017 -4.8830751958E-001 5.3765813014E+000 7.3613809487E-017 1.3468693499E-016 2.2880446083E-017 -8.0398011830E-017 5.3505457138E+000 2.0209607100E-001 7.5714648941E-017 -1.3814420945E-016 -2.0209607100E-001 5.3505457138E+000
24.00 5.2140620690E+000 -5.1723355451E-001 -3.9915538687E-017 -1.1753816669E-016 -5.1723355451E-001 5.2140620690E+000 -1.2364925184E-017 -5.6869684022E-017 -4.6439276595E-017 1.9244658849E-017 5.1838891320E+000 2.1495622078E-001 -1.2197093301E-016 6.8130312580E-017 -2.1495622078E-001 5.1838891320E+000
25.00 5.0497478767E+000 -5.4530483519E-001 -2.5197993505E-017 -3.8847503180E-017 -5.4530483519E-001 5.0497478767E+000 2.1648251263E-017 9.5731371100E-017 -2.4271273714E-017 -2.3193446863E-017 5.0150564758E+000 2.2760667719E-001 -2.7605474408E-017 -9.1116934666E-017 -2.2760667719E-001 5.0150564758E+000
26.00 4.8841128197E+000 -5.7235670608E-001 7.9436018508E-017 -1.4915490624E-016 -5.7235670608E-001 4.8841128197E+000 5.8978806911E-017 -1.2900594470E-016 7.8656210994E-017 -6.1379475929E-017 4.8445200339E+000 2.3998224513E-001 -1.6951171542E-016 1.5072275034E-016 -2.3998224513E-001 4.8445200339E+000
27.00 4.7176219887E+000 -5.9823354219E-001 -1.8352014311E-017 -1.1472398800E-016 -5.9823354219E-001 4.7176219887E+000 3.6794725611E-017 -9.4239315160E-018 -2.0071212707E-017 -3.3396090844E-017 4.6727464889E+000 2.5202005434E-001 -1.1594974680E-016 2.6003287184E-017 -2.5202005434E-001 4.6727464889E+000
28.00 4.5507294246E+000 -6.2278970787E-001 2.3608368762E-017 -1.6193726544E-016 -6.2278970787E-001 4.5507294246E+000 4.1978232130E-017 -1.0657493319E-016 1.9158812757E-017 -3.7959321951E-017 4.5001949657E+000 2.6365990688E-001 -1.7962729776E-016 1.3240646294E-016 -2.6365990688E-001 4.5001949657E+000
29.00 4.3838761988E+000 -6.4589041678E-001 1.1197397614E-017 -8.8904017762E-017 -6.4589041678E-001 4.3838761988E+000 5.0960955402E-017 1.4664362974E-017 1.3314993309E-017 -5.3184568208E-017 4.3273151655E+000 2.7484459980E-001 -8.8722955285E-017 1.7916403920E-018 -2.7484459980E-001 4.3273151655E+000
30.00 4.2174886302E+000 -6.6741248782E-001 -7.4233490932E-017 -1.0667763645E-016 -6.6741248782E-001 4.2174886302E+000 -1.4899358046E-017 3.1668132190E-017 -8.4445682375E-017 2.5896518709E-017 4.1545455973E+000 2.8552022144E-001 -9.7402965630E-017 -1.6790279185E-017 -2.8552022144E-001 4.1545455973E+000
31.00 4.0519766468E+000 -6.8724499253E-001 -1.2025204238E-016 -1.1274441316E-016 -6.8724499253E-001 4.0519766468E+000 -1.1490256945E-017 7.1378826331E-017 -1.3121723813E-016 2.8340241402E-017 3.9823119132E+000 2.9563641928E-001 -9.2657331173E-017 -5.5274603365E-017 -2.9563641928E-001 3.9823119132E+000
32.00 3.8877322999E+000 -7.0528979090E-001 -7.1568143930E-017 3.8807561944E-017 -7.0528979090E-001 3.8877322999E+000 -1.1453791429E-016 3.7846898826E-017 -8.9898660667E-017 1.2561632636E-016 3.8110253575E+000 3.0514663838E-001 5.3790961296E-017 -5.5848641248E-017 -3.0514663838E-001 3.8110253575E+000
33.00 3.7251284362E+000 -7.2146195364E-001 6.4552672598E-017 -1.4644904494E-016 -7.2146195364E-001 3.7251284362E+000 7.7049094115E-017 -9.5423188462E-017 6.6264833732E-017 -8.0100835176E-017 3.6410813345E+000 3.1400832893E-001 -1.7445186006E-016 1.3355191263E-016 -3.1400832893E-001 3.6410813345E+000
34.00 3.5645175326E+000 -7.3569006981E-001 -1.1634141669E-016 3.4919353380E-017 -7.3569006981E-001 3.5645175326E+000 -7.8678198940E-017 2.8414962514E-017 -1.3106770052E-016 1.0113812087E-016 3.4728581020E+000 3.2218312233E-001 5.4019786753E-017 -4.5944995296E-017 -3.2218312233E-001 3.4728581020E+000
35.00 3.4062306968E+000 -7.4791644029E-001 -8.2841195120E-017 1.3998330851E-017 -7.4791644029E-001 3.4062306968E+000 6.3399268997E-018 8.4110985924E-017 -7.9773636201E-017 3.2216220439E-018 3.3067155945E+000 3.2963697506E-001 4.1396325038E-017 -9.0129604800E-017 -3.2963697506E-001 3.3067155945E+000
36.00 3.2505768347E+000 -7.5809715814E-001 -1.3951275407E-017 -5.1119763530E-018 -7.5809715814E-001 3.2505768347E+000 -2.9017574727E-017 1.5152309655E-016 -1.7877891174E-017 1.6548426559E-017 3.1429943800E+000 3.3634028025E-001 3.3173909749E-017 -1.5724749570E-016 -3.3634028025E-001 3.1429943800E+000
37.00 3.0978419843E+000 -7.6620207838E-001 1.7240252909E-016 -1.2543770571E-016 -7.6620207838E-001 3.0978419843E+000 1.4230618555E-016 1.5352125258E-018 1.9814162846E-016 -1.8616221526E-016 2.9820147530E+000 3.4226794678E-001 -1.5265767415E-016 5.2002473842E-017 -3.4226794678E-001 2.9820147530E+000
38.00 2.9482888160E+000 -7.7221468035E-001 -4.7529867993E-017 -5.6708500647E-017 -7.7221468035E-001 2.9482888160E+000 -2.6367450937E-017 1.3167812573E-017 -6.2721008207E-017 4.0132864972E-017 2.8240759647E+000 3.4739944626E-001 -4.7886607238E-017 -3.1775040823E-018 -3.4739944626E-001 2.8240759647E+000
39.00 2.8021562955E+000 -7.7613182698E-001 6.8819146693E-017 -7.8180684749E-017 -7.7613182698E-001 2.8021562955E+000 2.9164557825E-017 2.2825373899E-017 6.9573367191E-017 -4.9918596814E-017 2.6694555919E+000 3.5171882839E-001 -8.4597497216E-017 5.3477431699E-018 -3.5171882839E-001 2.6694555919E+000
40.00 2.6596595057E+000 -7.7796342602E-001 -9.3229903512E-017 -2.9849943804E-017 -7.7796342602E-001 2.6596595057E+000 -5.4631725721E-017 6.6006923222E-017 -1.1462524263E-016 7.6443111729E-017 2.5184090429E+000 3.5521470549E-001 5.0336767914E-018 -7.1270191064E-017 -3.5521470549E-001 2.5184090429E+000
41.00 2.5209896230E+000 -7.7773199899E-001 -5.4038463170E-017 -3.1702704949E-017 -7.7773199899E-001 2.5209896230E+000 -3.2122255216E-017 -7.2306038224E-017 -7.4948149084E-017 6.3599538244E-017 2.3711691999E+000 3.5788020714E-001 -4.6109932067E-017 7.7673902068E-017 -3.5788020714E-001 2.3711691999E+000
42.00 2.3863140407E+000 -7.7547216457E-001 3.2040914238E-017 3.5252252692E-017 -7.7547216457E-001 2.3863140407E+000 9.1093449384E-017 3.9306211208E-017 7.2441714283E-017 -1.1451417698E-016 2.2279461950E+000 3.5971290612E-001 3.9743149489E-017 -3.5881421723E-017 -3.5971290612E-001 2.2279461950E+000
43.00 2.2557766339E+000 -7.7123004338E-001 5.2250510941E-017 -4.7052905761E-017 -7.7123004338E-001 2.2557766339E+000 1.4479386468E-016 -1.6145819463E-017 9.7180553086E-017 -1.6472747396E-016 2.0889273168E+000 3.6071471718E-001 -7.3553273444E-017 6.3252368787E-017 -3.6071471718E-001 2.0889273168E+000
44.00 2.1294981570E+000 -7.6506259184E-001 -2.0041283931E-016 -2.7090122390E-017 -7.6506259184E-001 2.1294981570E+000 -1.8073328457E-016 -1.2866928065E-017 -2.8577157781E-016 2.7071149112E-016 1.9542770432E+000 3.6089177000E-001 1.8216577646E-017 -2.5365804973E-017 -3.6089177000E-001 1.9542770432E+000
45.00 2.0075767651E+000 -7.5703687318E-001 -5.4690828157E-017 -5.4644746378E-017 -7.5703687318E-001 2.0075767651E+000 -5.2930530724E-017 2.4762106555E-017 -8.8551281196E-017 7.7042374313E-017 1.8241371960E+000 3.6025425830E-001 -3.2375152179E-017 -1.9789402538E-017 -3.6025425830E-001 1.8241371960E+000
46.00 1.8900886501E+000 -7.4722927391E-001 1.7580170608E-016 -5.0788672397E-017 -7.4722927391E-001 1.8900886501E+000 2.0534165008E-016 -4.2185587034E-017 2.5855244646E-016 -2.7874882825E-016 1.6986272117E+000 3.5881626675E-001 -1.2968720912E-016 1.2816519980E-016 -3.5881626675E-001 1.6986272117E+000
47.00 1.7770887816E+000 -7.3572467438E-001 1.5237949262E-016 1.7903794562E-017 -7.3572467438E-001 1.7770887816E+000 1.8865426971E-016 3.2665979960E-019 2.5134191696E-016 -2.7162516946E-016 1.5778445218E+000 3.5659557780E-001 -3.6486771143E-017 5.2671582155E-017 -3.5659557780E-001 1.5778445218E+000
48.00 1.6686117424E+000 -7.2261558201E-001 -2.1789376404E-017 1.3021538703E-016 -7.2261558201E-001 1.6686117424E+000 -9.8613737746E-018 1.0951017607E-016 1.8234355644E-017 -2.2464605361E-017 1.4618650376E+000 3.5361346053E-001 1.9835262654E-016 -1.8393069102E-016 -3.5361346053E-001 1.4618650376E+000
49.00 1.5646726478E+000 -7.0800123605E-001 -8.4961241108E-017 -6.5927731102E-017 -7.0800123605E-001 1.5646726478E+000 -7.0151269318E-017 1.9086421873E-017 -1.4279682445E-016 1.2090610945E-016 1.3507437295E+000 3.4989444347E-001 -2.9375144241E-017 -1.8872168317E-017 -3.4989444347E-001 1.3507437295E+000
50.00 1.4652681374E+000 -6.9198669239E-001 8.0411962675E-018 -1.4827722482E-017 -6.9198669239E-001 1.4652681374E+000 4.3965801052E-018 -2.1465223457E-017 3.4844051137E-018 -3.1889500701E-019 1.2445152968E+000 3.4546607381E-001 -3.0360399858E-017 3.3605904358E-017 -3.4546607381E-001 1.2445152968E+000
51.00 1.3703774303E+000 -6.7468189708E-001 1.0007683965E-017 4.8041986955E-017 -6.7468189708E-001 1.3703774303E+000 -1.0419802033E-017 -4.9742210054E-017 1.3092105757E-017 1.4601123560E-017 1.1431949171E+000 3.4035866508E-001 2.4334847832E-017 2.6927100279E-017 -3.4035866508E-001 1.1431949171E+000
52.00 1.2799634301E+000 -6.5620075673E-001 -3.0884595407E-019 -6.9126194414E-017 -6.5620075673E-001 1.2799634301E+000 -1.7153721771E-017 -7.1101187379E-017 -4.7539444803E-017 5.6987871823E-017 1.0467790690E+000 3.3460503556E-001 -1.1390055436E-016 1.1205721948E-016 -3.3460503556E-001 1.0467790690E+000
53.00 1.1939738713E+000 -6.3666021386E-001 2.8656535562E-017 -6.6155786831E-018 -6.3666021386E-001 1.1939738713E+000 6.5216794063E-017 9.7444660149E-017 8.8330090435E-017 -1.2606609368E-016 9.5524641975E-001 3.2824023968E-001 2.6324956057E-017 -7.4069408801E-017 -3.2824023968E-001 9.5524641975E-001
54.00 1.1123424957E+000 -6.1617933478E-001 2.7154075731E-017 -1.2590413458E-016 -6.1617933478E-001 1.1123424957E+000 1.9697729418E-017 -9.5869680055E-017 -3.1717086818E-017 2.9880931729E-017 8.6855876782E-001 3.2130129453E-001 -2.1752206172E-016 2.0104415439E-016 -3.2130129453E-001 8.6855876782E-001
55.00 1.0349902481E+000 -5.9487841722E-001 1.3573496765E-017 -1.2549518855E-016 -5.9487841722E-001 1.0349902481E+000 5.2165963895E-017 -3.7048385187E-017 -1.7028482167E-017 -1.8628510569E-017 7.8666203479E-001 3.1382690368E-001 -1.8633362075E-016 1.5107532720E-016 -3.1382690368E-001 7.8666203479E-001
56.00 9.6182648272E-001 -5.7287812443E-001 2.9489309919E-017 -5.1597854713E-017 -5.7287812443E-001 9.6182648272E-001 3.5891878271E-017 -2.6713703811E-017 2.4880982137E-017 -3.2800119850E-017 7.0948729564E-001 3.0585718028E-001 -1.0224553298E-016 9.2017690211E-017 -3.0585718028E-001 7.0948729564E-001
57.00 8.9275016904E-001 -5.5029865193E-001 -6.8158177356E-017 3.9032647641E-017 -5.5029865193E-001 8.9275016904E-001 -8.3127110257E-017 8.1486925733E-018 -1.1371766889E-016 1.2669048588E-016 6.3695184076E-001 2.9743337162E-001 1.1485020108E-016 -1.0430355039E-016 -2.9743337162E-001 6.3695184076E-001
58.00 8.2765109048E-001 -5.2725893248E-001 -1.9572928239E-018 -2.6979873697E-017 -5.2725893248E-001 8.2765109048E-001 -1.9008932003E-017 1.3978906505E-017 -2.6882809150E-017 2.5318941428E-017 5.6896026095E-001 2.8859758688E-001 -1.2656604003E-017 -8.1750229785E-018 -2.8859758688E-001 5.6896026095E-001
59.00 7.6641102569E-001 -5.0387588443E-001 7.7985309542E-017 -5.0776939798E-017 -5.0387588443E-001 7.6641102569E-001 6.5622010875E-017 3.3100327308E-017 1.2205848584E-016 -1.3558787198E-016 5.0540554770E-001 2.7939252987E-001 -1.1147439758E-016 7.5383142098E-017 -2.7939252987E-001 5.0540554770E-001
60.00 7.0890490583E-001 -4.8026370767E-001 -9.7937992090E-017 3.4567027760E-017 -4.8026370767E-001 7.0890490583E-001 -5.0744240450E-017 3.7747765954E-017 -1.1160756875E-016 9.3178892306E-017 4.4617020129E-001 2.6986123857E-001 1.6305924089E-016 -1.5354283292E-016 -2.6986123857E-001 4.4617020129E-001
61.00 6.5500194033E-001 -4.5653323107E-001 -6.4565745895E-017 -1.9718464549E-017 -4.5653323107E-001 6.5500194033E-001 -1.1412709989E-016 8.9277573624E-017 -1.3453693266E-016 1.2647666229E-016 3.9112733918E-001 2.6004683291E-001 1.6063425786E-016 -2.1058283795E-016 -2.6004683291E-001 3.9112733918E-001
62.00 6.0456670506E-001 -4.3279131453E-001 -6.7078922347E-017 -1.7289845967E-017 -4.3279131453E-001 6.0456670506E-001 -7.3330137983E-017 4.6141530073E-017 -1.2463952985E-016 1.1140296751E-016 3.4014179798E-001 2.4999227227E-001 1.1958456083E-016 -1.4188970279E-016 -2.4999227227E-001 3.4014179798E-001
63.00 5.5746018693E-001 -4.0914030800E-001 8.3585348122E-018 -5.1825628156E-018 -4.0914030800E-001 5.5746018693E-001 2.9732511642E-017 -1.1403547405E-017 2.1759357462E-017 -2.6696948458E-017 2.9307122239E-001 2.3974012387E-001 -4.3577510896E-017 5.0764959534E-017 -2.3974012387E-001 2.9307122239E-001
64.00 5.1354078032E-001 -3.8567756951E-001 6.5795730047E-017 -7.2244197249E-018 -3.8567756951E-001 5.1354078032E-001 6.5134064854E-017 6.6828742421E-018 1.2571150575E-016 -1.2907457112E-016 2.4976713496E-001 2.2933234338E-001 -1.1996099349E-016 1.1592935179E-016 -2.2933234338E-001 2.4976713496E-001
65.00 4.7266523074E-001 -3.6249504321E-001 -1.7023489192E-017 3.1396413163E-018 -3.6249504321E-001 4.7266523074E-001 4.0801683226E-017 -6.0637986001E-018 1.3699632158E-017 -2.5833679754E-017 2.1007598120E-001 2.1881006859E-001 -1.7668441100E-017 3.5133533813E-017 -2.1881006859E-001 2.1007598120E-001
66.00 4.3468952246E-001 -3.3967889820E-001 5.2839624532E-018 -2.6883476715E-017 -3.3967889820E-001 4.3468952246E-001 3.2203212530E-019 4.5571794496E-017 1.6422127082E-017 -3.4790099303E-017 1.7384014455E-001 2.0821342702E-001 2.1543006097E-018 -1.9754160025E-017 -2.0821342702E-001 1.7384014455E-001
67.00 3.9946970714E-001 -3.1730922810E-001 -5.6393414273E-019 -1.5436243358E-017 -3.1730922810E-001 3.9946970714E-001 8.4114522163E-018 -4.0174848068E-018 -1.9118390991E-017 1.4206477490E-017 1.4089892680E-001 1.9758135821E-001 -2.6002035934E-017 2.6231504454E-017 -1.9758135821E-001 1.4089892680E-001
68.00 3.6686267135E-001 -2.9545981081E-001 2.3456562691E-020 -6.3407691568E-018 -2.9545981081E-001 3.6686267135E-001 8.0432826222E-018 1.0815346705E-017 9.0391083647E-018 -1.5226848102E-017 1.1108948963E-001 1.8695145123E-001 -7.3865281873E-018 6.7727093216E-018 -1.8695145123E-001 1.1108948963E-001
69.00 3.3672684140E-001 -2.7419792755E-001 1.8190498047E-018 -2.7273029909E-017 -2.7419792755E-001 3.3672684140E-001 -1.2215872960E-017 1.1464832403E-017 -3.3920801312E-017 2.4673523843E-017 8.4247753491E-002 1.7635979780E-001 -6.8443690085E-019 -8.7091485410E-018 -1.7635979780E-001 8.4247753491E-002
70.00 3.0892282478E-001 -2.5358423947E-001 4.2935142468E-018 -2.9719880605E-018 -2.5358423947E-001 3.0892282478E-001 1.0847795960E-017 5.4633355604E-018 1.0375829735E-017 -1.3564322538E-017 6.0209250797E-002 1.6584086131E-001 -2.0817991874E-017 2.1847460205E-017 -1.6584086131E-001 6.0209250797E-002
71.00 2.8331398771E-001 -2.3367272005E-001 -8.0598597017E-018 1.3034212766E-017 -2.3367272005E-001 2.8331398771E-001 -9.2238123871E-018 -3.6092813894E-018 1.0544074077E-017 -5.4529812647E-018 3.8809930576E-002 1.5542736188E-001 3.1191670800E-017 -3.0292183926E-017 -1.5542736188E-001 3.8809930576E-002
72.00 2.5976696932E-001 -2.1451064082E-001 1.2667844500E-017 1.6066505652E-017 -2.1451064082E-001 2.5976696932E-001 1.4745947826E-017 3.0585845340E-017 7.8571659397E-017 -8.3102364086E-017 1.9886912435E-002 1.4515017753E-001 -3.3698219761E-017 3.3725402638E-017 -1.4515017753E-001 1.9886912435E-002
73.00 2.3815213307E-001 -1.9613860768E-001 8.9140128239E-019 -2.4025570363E-017 -1.9613860768E-001 2.3815213307E-001 -7.2840665015E-018 1.0338729487E-018 -4.1064115604E-017 3.3333868468E-017 3.2791881042E-003 1.3503826120E-001 8.0106228859E-018 -1.0741916628E-017 -1.3503826120E-001 3.2791881042E-003
74.00 2.1834395680E-001 -1.7859064490E-001 -2.5090176733E-018 5.3877476802E-018 -1.7859064490E-001 2.1834395680E-001 -6.3599405469E-018 1.5738544284E-017 3.2806845535E-017 -3.6177925744E-017 -1.1171730721E-002 1.2511857359E-001 1.0527177927E-017 -1.1449711924E-017 -1.2511857359E-001 -1.1171730721E-002
75.00 2.0022136307E-001 -1.6189432339E-001 -1.6658018103E-017 2.2626874090E-017 -1.6189432339E-001 2.0022136307E-001 -1.1905214699E-017 1.0415846592E-017 6.0654421503E-017 -5.6452407064E-017 -2.3621219045E-002 1.1541603135E-001 3.3183833717E-017 -3.2465526389E-017 -1.1541603135E-001 -2.3621219045E-002
76.00 1.8366799191E-001 -1.4607092984E-001 5.1375557878E-018 -1.2166697119E-017 -1.4607092984E-001 1.8366799191E-001 -5.0108429618E-018 2.1577904236E-017 7.2552342017E-018 -1.9151451822E-017 -3.4221000128E-002 1.0595347026E-001 -4.3410322814E-018 4.5821804654E-018 -1.0595347026E-001 -3.4221000128E-002
77.00 1.6857241845E-001 -1.3113567298E-001 3.4963851382E-017 -1.4481015434E-017 -1.3113567298E-001 1.6857241845E-001 1.8720901798E-017 1.7380565944E-017 -3.3480740221E-017 2.0858345079E-017 -4.3118661924E-002 9.6751622872E-002 -7.1371147258E-017 7.0711495475E-017 -9.6751622872E-002 -4.3118661924E-002
78.00 1.5482831802E-001 -1.1709792330E-001 -1.3301114963E-017 -1.6173323947E-017 -1.1709792330E-001 1.5482831802E-001 -2.1616076447E-017 -3.0078694915E-018 -1.8751021320E-018 -3.9200724980E-018 -5.0457227986E-002 8.7829110004E-002 5.3344493355E-017 -5.3587218476E-017 -8.7829110004E-002 -5.0457227986E-002
79.00 1.4233458185E-001 -1.0396148213E-001 -2.0524167560E-018 -7.9847490399E-018 -1.0396148213E-001 1.4233458185E-001 -1.3738949980E-017 1.5499147830E-017 1.4241247114E-017 -2.4467995298E-017 -5.6374782091E-002 7.9202445460E-002 1.1585554909E-017 -9.9684054018E-018 -7.9202445460E-002 -5.6374782091E-002
80.00 1.3099538645E-001 -9.1724876487E-002 2.8283444016E-017 -8.1393423572E-018 -9.1724876487E-002 1.3099538645E-001 1.2164647023E-017 3.3883937553E-017 -1.7076275700E-017 -7.1365432275E-019 -6.1004145492E-002 7.0886053203E-002 -5.3312007748E-017 5.9692192297E-017 -7.0886053203E-002 -6.1004145492E-002
81.00 1.2072022004E-001 -8.0381675472E-002 1.8318115473E-017 6.6037526595E-018 -8.0381675472E-002 1.2072022004E-001 1.4548852940E-017 1.8017420172E-017 -9.4608118486E-018 4.6829059427E-018 -6.4472605418E-002 6.2892296232E-002 -4.4057302449E-017 4.6537693322E-017 -6.2892296232E-002 -6.4472605418E-002
82.00 1.1142386932E-001 -6.9920824571E-002 1.9735469395E-017 2.6483810001E-018 -6.9920824571E-002 1.1142386932E-001 6.2549541678E-018 1.3014731697E-017 -1.4591042256E-017 6.4605669187E-018 -6.6901693166E-002 5.5231516339E-002 -3.0058716362E-017 2.9777357794E-017 -5.5231516339E-002 -6.6901693166E-002
83.00 1.0302637032E-001 -6.0326993961E-002 -3.5063917434E-018 2.0641737737E-017 -6.0326993961E-002 1.0302637032E-001 1.1154294771E-017 3.3672781605E-017 2.5505075548E-017 -2.3187711212E-017 -6.8407009883E-002 4.7912083870E-002 -4.2919865888E-017 5.2676865969E-017 -4.7912083870E-002 -6.8407009883E-002
84.00 9.5452926675E-002 -5.1580937183E-002 -1.5362571516E-017 -1.6182481160E-017 -5.1580937183E-002 9.5452926675E-002 -3.8366422754E-018 -4.3787766110E-018 6.5906038987E-018 -4.4606814091E-018 -6.9098097949E-002 4.0940456641E-002 2.9528293579E-017 -2.0771873081E-017 -4.0940456641E-002 -6.9098097949E-002
85.00 8.8633798862E-002 -4.3659856611E-002 1.8272100683E-017 -5.6089180495E-018 -4.3659856611E-002 8.8633798862E-002 5.6387478704E-018 7.5423534748E-018 -2.2629607078E-017 1.2621120478E-017 -6.9078355656E-002 3.4321247082E-002 -8.8136824785E-018 1.2403240773E-017 -3.4321247082E-002 -6.9078355656E-002
86.00 8.2504168025E-002 -3.6537772340E-002 -1.5548690942E-017 1.3164460787E-017 -3.6537772340E-002 8.2504168025E-002 -4.8252448483E-018 1.3016930344E-017 2.6259206539E-017 -2.0058824611E-017 -6.8444992767E-002 2.8057296716E-002 -1.2053039082E-017 1.4495650382E-017 -2.8057296716E-002 -6.8444992767E-002
87.00 7.7003977643E-002 -3.0185891299E-002 3.0706287631E-017 4.5391221849E-018 -3.0185891299E-002 7.7003977643E-002 1.3264366131E-017 6.4376201672E-018 -3.4672505471E-017 2.3330937821E-017 -6.7289024376E-002 2.2149757064E-002 -1.9495651051E-017 1.7083237924E-017 -2.2149757064E-002 -6.7289024376E-002
88.00 7.2077756473E-002 -2.4572973571E-002 1.1277856596E-017 -4.0893868921E-018 -2.4572973571E-002 7.2077756473E-002 7.8420679721E-019 1.6634735532E-017 -1.1494637973E-017 8.0288108064E-019 -6.5695300434E-002 1.6598176071E-002 -4.6396181612E-018 1.6924077900E-017 -1.6598176071E-002 -6.5695300434E-002
89.00 6.7674425915E-002 -1.9665693160E-002 1.4679977717E-017 -1.3949823176E-017 -1.9665693160E-002 6.7674425915E-002 -5.4548848506E-018 1.0776250654E-018 -1.5980770921E-017 -6.7560222776E-019 -6.3742568211E-002 1.1400589165E-002 1.1619610696E-017 -3.2805008312E-018 -1.1400589165E-002 -6.3742568211E-002
90.00 6.3747094899E-002 -1.5428990637E-002 -5.6722755630E-018 -1.3429395580E-017 -1.5428990637E-002 6.3747094899E-002 -4.7208935559E-018 5.3608491762E-018 5.6593408117E-018 -6.4756305683E-018 -6.1503564925E-002 6.5536140814E-003 1.3177473523E-017 1.4974377329E-018 -6.5536140814E-003 -6.1503564925E-002
91.00 6.0252845165E-002 -1.1826415369E-002 7.4327598207E-019 4.4775348196E-020 -1.1826415369E-002 6.0252845165E-002 4.4226901531E-018 1.5220826272E-017 -1.5348980305E-018 4.1168048538E-018 -5.9045137770E-002 2.0525485980E-003 -3.1476954020E-018 1.5684230701E-017 -2.0525485980E-003 -5.9045137770E-002
92.00 5.7152509691E-002 -8.8204552608E-003 7.5878443583E-018 -1.9815295550E-017 -8.8204552608E-003 5.7152509691E-002 -5.8299923187E-018 -1.0327718459E-017 -5.9553490085E-018 -5.2180470165E-018 -5.6428388563E-002 -2.1085296215E-003 2.1906457208E-017 -1.3362645464E-017 2.1085296215E-003 -5.6428388563E-002
93.00 5.4410446796E-002 -6.3728522046E-003 -4.9346102446E-018 -1.6656062192E-017 -6.3728522046E-003 5.4410446796E-002 -1.0766304236E-017 -1.0177681012E-017 8.1752691051E-018 -1.2695483818E-017 -5.3708840251E-002 -5.9366618695E-003 1.7177634630E-017 -1.0883683141E-017 5.9366618695E-003 -5.3708840251E-002
94.00 5.1994312273E-002 -4.4449016614E-003 8.4778566480E-019 9.9957748980E-018 -4.4449016614E-003 5.1994312273E-002 -5.4597117308E-018 1.3227759269E-017 -2.4110190024E-018 -2.7409482776E-018 -5.0936622584E-002 -9.4399066591E-003 -1.0910808532E-017 1.4882666734E-017 9.4399066591E-003 -5.0936622584E-002
95.00 4.9874831712E-002 -2.9977350724E-003 -8.8969886701E-018 8.9510793694E-019 -2.9977350724E-003 4.9874831712E-002 -2.9047196396E-018 3.9573193221E-018 8.5029430303E-018 -2.3138162244E-018 -4.8156674307E-002 -1.2627238114E-002 -3.4029559000E-018 4.7609400647E-018 1.2627238114E-002 -4.8156674307E-002
96.00 4.8025574935E-002 -1.9925840205E-003 -3.6522012235E-018 7.9274592300E-018 -1.9925840205E-003 4.8025574935E-002 -9.4763207966E-018 1.1359443408E-017 1.1147527092E-018 -5.3380682969E-018 -4.5408959314E-002 -1.5508445142E-002 -9.2634475729E-018 1.4184977552E-017 1.5508445142E-002 -4.5408959314E-002
97.00 4.6422734313E-002 -1.3910253087E-003 -6.1882577704E-018 1.2221515663E-017 -1.3910253087E-003 4.6422734313E-002 -3.3354974497E-018 1.7075331282E-017 8.2560468095E-019 3.5605766278E-018 -4.2728694289E-002 -1.8094032000E-002 -1.4183604720E-017 1.7441647351E-017 1.8094032000E-002 -4.2728694289E-002
98.00 4.5044908483E-002 -1.1552063457E-003 3.0462602395E-018 1.5046236707E-017 -1.1552063457E-003 4.5044908483E-002 -9.4871659857E-018 1.5755389607E-017 -9.4998784378E-018 -1.0782556208E-018 -4.0146585476E-002 -2.0395120817E-002 -1.2509305762E-017 1.8658442203E-017 2.0395120817E-002 -4.0146585476E-002
99.00 4.3872892805E-002 -1.2480504486E-003 1.7581393112E-018 -2.6355053517E-021 -1.2480504486E-003 4.3872892805E-002 -2.8683889501E-018 -6.4093795371E-019 -1.4307282212E-018 -2.7509760623E-018 -3.7689072330E-002 -2.2423356575E-002 8.7551317055E-019 8.9052406223E-019 2.2423356575E-002 -3.7689072330E-002
100.00 4.2889477719E-002 -1.6334418738E-003 2.4867667446E-018 -1.8383247681E-018 -1.6334418738E-003 4.2889477719E-002 -5.3284758271E-018 -1.6044935850E-018 -8.1373225163E-019 -5.2693276267E-018 -3.5378575931E-002 -2.4190815029E-002 2.8590885842E-018 1.5730039993E-018 2.4190815029E-002 -3.5378575931E-002
101.00 4.2079255933E-002 -2.2763905824E-003 -4.1207425954E-019 5.6749618741E-018 -2.2763905824E-003 4.2079255933E-002 5.6514913265E-018 9.1064393797E-018 -3.6951547641E-018 1.0227311051E-017 -3.3233750170E-002 -2.5709913952E-002 -4.9505660386E-018 4.0069909447E-018 2.5709913952E-002 -3.3233750170E-002
102.00 4.1428439239E-002 -3.1431769197E-003 4.0363868512E-018 3.4364398326E-018 -3.1431769197E-003 4.1428439239E-002 2.9105753860E-018 3.6680894165E-018 -5.6663079570E-018 5.0167728007E-018 -3.1269733857E-002 -2.6993328087E-002 -3.0166009093E-020 8.7449301176E-019 2.6993328087E-002 -3.1269733857E-002
103.00 4.0924685551E-002 -4.2014765540E-003 -3.9159989378E-019 -1.8264533364E-018 -4.2014765540E-003 4.0924685551E-002 -5.9299278088E-018 -4.2742734320E-018 2.2981404396E-018 -7.4402294771E-018 -2.9498402042E-002 -2.8053908092E-002 9.5711853691E-019 8.8582482725E-019 2.8053908092E-002 -2.9498402042E-002
104.00 4.0556936613E-002 -5.4204661621E-003 1.7811127154E-017 9.6419517235E-018 -5.4204661621E-003 4.0556936613E-002 -1.6167537044E-018 4.6820564745E-018 -1.9787602974E-017 4.8681518941E-018 -2.7928614991E-002 -2.8904603763E-002 5.5686925347E-018 3.6321793681E-018 2.8904603763E-002 -2.7928614991E-002
105.00 4.0315266677E-002 -6.7709104837E-003 -1.3143518475E-017 -1.0352515293E-017 -6.7709104837E-003 4.0315266677E-002 -1.3716121417E-017 -9.3397933244E-018 1.9468653558E-017 -1.9155984353E-017 -2.6566463388E-002 -2.9558391727E-002 -3.5706208818E-018 4.5014601599E-018 2.9558391727E-002 -2.6566463388E-002
106.00 4.0190742305E-002 -8.2252314753E-003 -4.2047449005E-019 1.2660904852E-018 -8.2252314753E-003 4.0190742305E-002 -4.3577698667E-018 -1.0889838593E-018 5.2637801085E-020 -3.5801311570E-018 -2.5415508493E-002 -3.0028207776E-002 -1.7118914205E-018 2.9175784507E-018 3.0028207776E-002 -2.5415508493E-002
107.00 4.0175293339E-002 -9.7575603987E-003 6.8649030687E-018 -1.6473332934E-017 -9.7575603987E-003 4.0175293339E-002 8.1809747386E-018 -1.4003262004E-017 1.0211780315E-017 -8.0664380413E-018 -2.4477016132E-002 -3.0326883968E-002 1.9968413564E-017 -1.9556908680E-017 3.0326883968E-002 -2.4477016132E-002
108.00 4.0261594947E-002 -1.1343773756E-002 1.3538765005E-017 -3.4566965339E-018 -1.1343773756E-002 4.0261594947E-002 7.0792657042E-018 -2.3540803923E-018 -6.5666750979E-018 4.2448083823E-018 -2.3750183512E-002 -3.0467090571E-002 1.5408039094E-017 -1.1086987010E-017 3.0467090571E-002 -2.3750183512E-002
109.00 4.0442960583E-002 -1.2961514050E-002 1.4467833292E-017 -5.1729677453E-018 -1.2961514050E-002 4.0442960583E-002 2.9813103097E-018 -5.1355164634E-018 -4.1502767107E-018 -8.2530262138E-019 -2.3232358018E-002 -3.0461282887E-002 1.7311929854E-017 -1.0743860231E-017 3.0461282887E-002 -2.3232358018E-002
110.00 4.0713245573E-002 -1.4590196412E-002 -4.5925690076E-018 -9.9456283352E-020 -1.4590196412E-002 4.0713245573E-002 -9.3268242246E-018 4.5177080143E-018 3.8266973801E-018 -3.2572122558E-018 -2.2919247271E-002 -3.0321652961E-002 -7.7618975448E-018 1.2271063069E-017 3.0321652961E-002 -2.2919247271E-002
111.00 4.1066761011E-002 -1.6211002150E-002 1.0023981095E-019 1.0986019528E-017 -1.6211002150E-002 4.1066761011E-002 8.7151605592E-019 -3.7044516543E-018 -8.5502174816E-018 1.1475579054E-018 -2.2805119833E-002 -3.0060086138E-002 -5.8796924412E-018 -3.7408854307E-019 3.0060086138E-002 -2.2805119833E-002
112.00 4.1498197525E-002 -1.7806860333E-002 3.8335898565E-018 -1.8392016507E-019 -1.7806860333E-002 4.1498197525E-002 5.5897851072E-018 -3.6190109744E-019 -3.9146686111E-018 4.5032033944E-018 -2.2882996103E-002 -2.9688122410E-002 5.6940025671E-018 -6.6418285804E-018 2.9688122410E-002 -2.2882996103E-002
113.00 4.2002558475E-002 -1.9362418499E-002 8.5836796034E-018 8.5231995805E-018 -1.9362418499E-002 4.2002558475E-002 -8.0128182661E-019 2.2118386094E-018 -1.4177003330E-017 7.6323602521E-018 -2.3144829029E-002 -2.9216922451E-002 5.7834401322E-019 1.5095622487E-018 2.9216922451E-002 -2.3144829029E-002
114.00 4.2575102067E-002 -2.0864003616E-002 2.3765122561E-018 7.1128685974E-018 -2.0864003616E-002 4.2575102067E-002 3.6226657581E-018 1.3152637335E-017 -1.5036823266E-017 1.8228379571E-017 -2.3581674372E-002 -2.8657238229E-002 -6.2054097848E-018 7.8875984086E-018 2.8657238229E-002 -2.3581674372E-002
115.00 4.3211291842E-002 -2.2299574367E-002 -4.9954595016E-018 6.8992884776E-019 -2.2299574367E-002 4.3211291842E-002 5.7497966797E-018 8.9109974681E-018 -3.1268272607E-018 1.0609722969E-017 -2.4183850382E-002 -2.8019388045E-002 -5.8267140644E-018 4.2657759328E-018 2.8019388045E-002 -2.4183850382E-002
116.00 4.3906754977E-002 -2.3658665860E-002 2.4858782049E-018 7.8888587199E-019 -2.3658665860E-002 4.3906754977E-002 6.5468280863E-018 3.8713633192E-018 -7.3337300275E-018 1.0078875912E-017 -2.4941086796E-002 -2.7313235835E-002 2.9701667983E-018 -3.4739354990E-018 2.7313235835E-002 -2.4941086796E-002
117.00 4.4657247824E-002 -2.4932327803E-002 8.5038849593E-018 6.0099629906E-019 -2.4932327803E-002 4.4657247824E-002 1.1285503856E-017 4.5510492919E-018 -1.5160731402E-017 1.7700639643E-017 -2.5842663190E-002 -2.6548174565E-002 1.0145341770E-017 -9.7396346686E-018 2.6548174565E-002 -2.5842663190E-002
118.00 4.5458628085E-002 -2.6113057160E-002 7.7022682669E-019 2.1556224505E-018 -2.6113057160E-002 4.5458628085E-002 2.5115998458E-018 5.3914025170E-018 -6.3905653892E-018 8.2079113497E-018 -2.6877536765E-002 -2.5733113504E-002 -2.7654504766E-018 3.3544941466E-018 2.5733113504E-002 -2.6877536765E-002
119.00 4.6306833053E-002 -2.7194726260E-002 1.0828510333E-017 1.0820386013E-018 -2.7194726260E-002 4.6306833053E-002 9.8807567265E-018 -3.1632492616E-018 -1.4733309220E-017 1.2935013588E-017 -2.8034459718E-002 -2.4876469190E-002 1.4354855910E-017 -1.5653298951E-017 2.4876469190E-002 -2.8034459718E-002
120.00 4.7197863314E-002 -2.8172507291E-002 5.6414902303E-018 7.8237244238E-019 -2.8172507291E-002 4.7197863314E-002 -2.0633703394E-018 -9.3694967407E-019 -4.4293055838E-018 8.8668766374E-019 -2.9302086440E-002 -2.3986159854E-002 3.2663867094E-018 -1.4827907031E-018 2.3986159854E-002 -2.9302086440E-002
121.00 4.8127771344E-002 -2.9042794054E-002 -6.4997094794E-018 -1.1442682908E-018 -2.9042794054E-002 4.8127771344E-002 -1.0350088205E-017 -1.2081088647E-018 1.4185704596E-017 -1.5735004044E-017 -3.0669070768E-002 -2.3069603081E-002 -7.7309363773E-018 8.8566088068E-018 2.3069603081E-002 -3.0669070768E-002
122.00 4.9092654454E-002 -2.9803121788E-002 4.1514366876E-018 8.3853067062E-018 -2.9803121788E-002 4.9092654454E-002 -2.1393437987E-019 -6.7558037595E-018 -7.2261780157E-018 1.2009771762E-018 -3.2124153646E-002 -2.2133716487E-002 -1.5680023033E-018 -3.3723568891E-018 2.2133716487E-002 -3.2124153646E-002
123.00 5.0088651512E-002 -3.0452085849E-002 -3.3860313788E-018 3.1899387307E-018 -3.0452085849E-002 5.0088651512E-002 -8.5115370673E-018 -8.2026291752E-019 7.3193727830E-018 -1.0516029178E-017 -3.3656241512E-002 -2.1184921171E-002 -8.6124099140E-018 8.2848131962E-018 2.1184921171E-002 -3.3656241512E-002
124.00 5.1111942958E-002 -3.0989259934E-002 -4.6474456930E-018 8.8574669399E-019 -3.0989259934E-002 5.1111942958E-002 -1.5302091937E-019 -1.5464183009E-018 5.2025618361E-018 -3.8719118496E-018 -3.5254475809E-002 -2.0229147710E-002 -2.9100778073E-018 7.5830562410E-019 2.0229147710E-002 -3.5254475809E-002
125.00 5.2158753592E-002 -3.1415114509E-002 3.4227996091E-018 9.5644539381E-021 -3.1415114509E-002 5.2158753592E-002 -4.8816201437E-018 -2.0626223704E-018 1.7886594874E-019 -4.3241428869E-018 -3.6908294016E-002 -1.9271844476E-002 1.6487234871E-018 -6.4888218186E-019 1.9271844476E-002 -3.6908294016E-002
126.00 5.3225357691E-002 -3.1730936018E-002 -3.8123047628E-019 1.9588861524E-018 -3.1730936018E-002 5.3225357691E-002 1.2939489004E-018 3.5558038395E-018 -2.6167668732E-018 3.7223562729E-018 -3.8607482636E-002 -1.8317988024E-002 -4.3814691990E-018 4.7459749320E-018 1.8317988024E-002 -3.8607482636E-002
127.00 5.4308085991E-002 -3.1938747412E-002 -2.3085359821E-018 4.4608198856E-018 -3.1938747412E-002 5.4308085991E-002 -1.0727990873E-018 -2.8639428676E-018 1.9803047372E-018 -2.8776606294E-018 -4.0342222558E-002 -1.7372095351E-002 -4.5904730346E-018 9.1538682180E-019 1.7372095351E-002 -4.0342222558E-002
128.00 5.5403334161E-002 -3.2041230466E-002 -1.3129187800E-018 -1.6989492054E-018 -3.2041230466E-002 5.5403334161E-002 -1.2917455857E-018 -4.0088871136E-019 3.2129176618E-018 -2.9587076391E-018 -4.2103127256E-002 -1.6438237792E-002 1.2863109498E-018 -6.6529629450E-019 1.6438237792E-002 -4.2103127256E-002
129.00 5.6507572359E-002 -3.2041650300E-002 2.1176254729E-019 -4.5923098535E-018 -3.2041650300E-002 5.6507572359E-002 -1.8491865258E-019 3.7500435578E-018 8.7586882584E-019 3.8972013188E-019 -4.3881274266E-002 -1.5520056338E-002 2.8656680016E-018 1.3379783034E-018 1.5520056338E-002 -4.3881274266E-002
130.00 5.7617355545E-002 -3.1943782456E-002 4.2042652082E-018 3.4621957562E-019 -3.1943782456E-002 5.7617355545E-002 -1.0347412472E-018 3.7609087409E-018 -5.0454501185E-018 2.9314669198E-018 -4.5668230396E-002 -1.4620778187E-002 -1.4521583041E-018 4.0486099351E-018 1.4620778187E-002 -4.5668230396E-002
131.00 5.8729334230E-002 -3.1751842864E-002 -2.4774947698E-018 -3.2641778217E-018 -3.1751842864E-002 5.8729334230E-002 1.0997977338E-017 -3.3888721237E-018 -2.2751669116E-018 9.3239176015E-018 -4.7456071104E-002 -1.3743234308E-002 6.9658964534E-018 -9.0780934692E-018 1.3743234308E-002 -4.7456071104E-002
132.00 5.9840265381E-002 -3.1470420924E-002 9.9530451355E-020 7.0953727099E-019 -3.1470420924E-002 5.9840265381E-002 -8.1089314329E-018 1.3233589858E-018 4.3187526356E-018 -8.6583453503E-018 -4.9237394495E-002 -1.2889877853E-002 -2.8387724065E-018 4.3285109954E-018 1.2889877853E-002 -4.9237394495E-002
133.00 6.0947023209E-002 -3.1104415938E-002 5.4598959284E-018 6.5812704533E-018 -3.1104415938E-002 6.0947023209E-002 -1.2592814632E-018 -2.9423675176E-018 -6.8107197593E-018 1.8396336179E-018 -5.1005330365E-002 -1.2062803223E-002 -4.4589819548E-018 6.2481584539E-020 1.2062803223E-002 -5.1005330365E-002
134.00 6.2046609648E-002 -3.0658977055E-002 1.8902171662E-018 -5.6735967441E-018 -3.0658977055E-002 6.2046609648E-002 3.6079195262E-018 -5.9601107969E-018 -2.0616355669E-018 3.0042719732E-018 -5.2753544701E-002 -1.1263765631E-002 1.0577111465E-017 -1.0948852047E-017 1.1263765631E-002 -5.2753544701E-002
135.00 6.3136164293E-002 -3.0139446853E-002 2.7907381577E-018 6.5671369396E-018 -3.0139446853E-002 6.3136164293E-002 -8.1625817779E-019 6.5385563667E-020 -4.1036434456E-018 1.2655351689E-018 -5.4476240055E-002 -1.0494200996E-002 -6.8567518970E-018 3.4653141964E-018 1.0494200996E-002 -5.4476240055E-002
136.00 6.4212973653E-002 -2.9551308642E-002 1.4719695410E-018 4.4299892699E-018 -2.9551308642E-002 6.4212973653E-002 9.4509153124E-018 -1.3187620257E-017 -6.1443479427E-018 9.0910832893E-018 -5.6168152167E-002 -9.7552460261E-003 2.9409598089E-018 -1.4324667183E-017 9.7552460261E-003 -5.6168152167E-002
137.00 6.5274479558E-002 -2.8900137553E-002 -8.7203988067E-019 -1.6169123779E-020 -2.8900137553E-002 6.5274479558E-002 2.5618576912E-018 6.2358951476E-019 -3.3373949942E-019 2.5036653927E-018 -5.7824543230E-002 -9.0477583523E-003 -2.4119165481E-019 3.0410325239E-019 9.0477583523E-003 -5.7824543230E-002
138.00 6.6318286611E-002 -2.8191555419E-002 4.5777531209E-018 1.2392712389E-018 -2.8191555419E-002 6.6318286611E-002 1.7113201733E-018 1.4752592215E-018 -6.0914681426E-018 4.3095540358E-018 -5.9441192132E-002 -8.3723365914E-003 -1.2243424648E-018 1.6266936660E-018 8.3723365914E-003 -5.9441192132E-002
139.00 6.7342168585E-002 -2.7431189448E-002 1.7322619573E-018 -2.2799658940E-018 -2.7431189448E-002 6.7342168585E-002 -2.1702228799E-018 7.3809456805E-018 -1.0214128703E-018 -7.0307206690E-019 -6.1014382034E-002 -7.7293402167E-003 -6.7255330178E-019 7.2104474469E-018 7.7293402167E-003 -6.1014382034E-002
140.00 6.8344073690E-002 -2.6624634653E-002 7.6658547901E-019 1.0129610283E-018 -2.6624634653E-002 6.8344073690E-002 -2.8109442897E-019 -1.5589365333E-018 -7.5867967977E-019 -1.2405249359E-019 -6.2540885594E-002 -7.1189091380E-003 -3.5693123944E-019 -1.2582367013E-018 7.1189091380E-003 -6.2540885594E-002
141.00 6.9322128658E-002 -2.5777419971E-002 6.3619263722E-018 -4.9712232136E-018 -2.5777419971E-002 6.9322128658E-002 3.5332470931E-018 -5.0607665372E-020 -7.6794682511E-018 6.1137344131E-018 -6.4017948141E-002 -6.5409828933E-003 6.1881330504E-018 -2.6811757770E-018 6.5409828933E-003 -6.4017948141E-002
142.00 7.0274641609E-002 -2.4894977994E-002 -1.4857227773E-018 5.9469726878E-019 -2.4894977994E-002 7.0274641609E-002 -5.2626244644E-018 -2.7476324363E-018 3.6043385518E-018 -6.4120741357E-018 -6.5443269093E-002 -5.9953193696E-003 7.6416581029E-020 -2.1368351396E-018 5.9953193696E-003 -6.5443269093E-002
143.00 7.1200103683E-002 -2.3982618223E-002 3.1592085863E-018 6.3925531799E-019 -2.3982618223E-002 7.1200103683E-002 6.3880274985E-018 -1.2467694282E-018 -5.6406804371E-018 7.7985847696E-018 -6.6814981877E-002 -5.4815129781E-003 2.2906858431E-019 -1.7389384339E-018 5.4815129781E-003 -6.6814981877E-002
144.00 7.2097189442E-002 -2.3045503701E-002 7.0498293696E-018 2.2010022951E-018 -2.3045503701E-002 7.2097189442E-002 -6.2024466190E-018 2.4766406057E-018 -5.5645865998E-018 -3.9108786174E-018 -6.8131632605E-002 -4.9990122202E-003 -2.7585435147E-018 3.6522325087E-018 4.9990122202E-003 -6.8131632605E-002
145.00 7.2964756041E-002 -2.2088630933E-002 1.6538564459E-018 4.5722359561E-018 -2.2088630933E-002 7.2964756041E-002 -6.5795287123E-020 5.9253899227E-020 -2.0256333509E-018 5.5433922235E-019 -6.9392157745E-002 -4.5471365867E-003 -4.6937593191E-018 1.4813953918E-018 4.5471365867E-003 -6.9392157745E-002
146.00 7.3801841215E-002 -2.1116812908E-002 -1.8551168131E-019 -1.2307414649E-017 -2.1116812908E-002 7.3801841215E-002 -8.4156434742E-020 -4.3306055290E-018 1.0430525017E-018 -6.2100334079E-019 -7.0595860992E-002 -4.1250927453E-003 1.4100766619E-017 -8.1724102469E-018 4.1250927453E-003 -7.0595860992E-002
147.00 7.4607660108E-002 -2.0134665112E-002 -1.8330028775E-018 4.8415495162E-018 -2.0134665112E-002 7.4607660108E-002 -5.1170227577E-019 -6.3944675904E-019 1.7923928927E-018 -1.0077568903E-018 -7.1742389551E-002 -3.7319899774E-003 -4.9486897340E-018 7.4622953914E-019 3.7319899774E-003 -7.1742389551E-002
148.00 7.5381600998E-002 -1.9146594334E-002 -1.9969510760E-018 -2.3766363278E-018 -1.9146594334E-002 7.5381600998E-002 3.5278271372E-018 -5.3798054204E-018 1.3157229070E-018 2.8340210814E-018 -7.2831710010E-002 -3.3668548335E-003 3.8133081771E-018 -6.3239566228E-018 3.3668548335E-003 -7.2831710010E-002
149.00 7.6123219980E-002 -1.8156790123E-002 4.2013202936E-018 -2.2642441760E-018 -1.8156790123E-002 7.6123219980E-002 -3.3266586985E-018 -1.0874020256E-018 -3.3997241937E-018 -2.4602988885E-018 -7.3864083979E-002 -3.0286449852E-003 2.7401929948E-018 -1.5763625801E-018 3.0286449852E-003 -7.3864083979E-002
150.00 7.6832234672E-002 -1.7169218714E-002 -9.8413029348E-019 2.1646384433E-018 -1.7169218714E-002 7.6832234672E-002 5.4791360371E-018 -7.6171623722E-018 -2.6353843302E-019 5.1266674745E-018 -7.4840043646E-002 -2.7162622578E-003 -4.6522477691E-019 -7.5094000757E-018 2.7162622578E-003 -7.4840043646E-002
151.00 7.7508517024E-002 -1.6187619244E-002 -4.4796481379E-018 -4.0928866710E-018 -1.6187619244E-002 7.7508517024E-002 -4.9906452532E-018 -4.0345459728E-018 5.8052565668E-018 -6.2169239692E-018 -7.5760367392E-002 -2.4285648352E-003 4.8632925231E-018 -4.8028748519E-018 2.4285648352E-003 -7.5760367392E-002
152.00 7.8152085297E-002 -1.5215502089E-002 4.1803471913E-018 4.3175664171E-018 -1.5215502089E-002 7.8152085297E-002 1.4675911226E-018 2.1305482914E-018 -4.6876094612E-018 2.4105737294E-018 -7.6626055605E-002 -2.1643786344E-003 -4.6942050753E-018 2.9622213563E-018 2.1643786344E-003 -7.6626055605E-002
153.00 7.8763095317E-002 -1.4256149132E-002 3.0822303926E-018 4.3076971112E-018 -1.4256149132E-002 7.8763095317E-002 -9.9152784982E-019 1.0339194786E-018 -3.0640337742E-018 -3.9502252872E-019 -7.7438306796E-002 -1.9225078540E-003 -4.4956644050E-018 1.8544478919E-018 1.9225078540E-003 -7.7438306796E-002
154.00 7.9341831074E-002 -1.3312615799E-002 -3.1821322827E-019 7.2169382397E-019 -1.3312615799E-002 7.9341831074E-002 -1.9782698674E-018 2.5014382867E-018 6.3414651285E-019 -2.0025132012E-018 -7.8198494127E-002 -1.7017447048E-003 -1.1718940731E-018 2.7044522428E-018 1.7017447048E-003 -7.8198494127E-002
155.00 7.9888694766E-002 -1.2387734664E-002 -1.3323322659E-018 -8.7233215463E-018 -1.2387734664E-002 7.9888694766E-002 -2.5295422408E-018 -9.5874631036E-018 1.9419098992E-018 -2.9797327450E-018 -7.8908142454E-002 -1.5008783386E-003 1.0299914884E-017 -1.1019393725E-017 1.5008783386E-003 -7.8908142454E-002
156.00 8.0404196377E-002 -1.1484120479E-002 1.3693785261E-018 -1.9792282010E-018 -1.1484120479E-002 8.0404196377E-002 -3.6392830377E-018 -4.0265153777E-018 -8.1549723549E-019 -3.5510370353E-018 -7.9568905952E-002 -1.3187029915E-003 2.5946647981E-018 -4.2955933730E-018 1.3187029915E-003 -7.9568905952E-002
157.00 8.0888942879E-002 -1.0604176422E-002 8.9280040401E-019 -3.6766409505E-018 -1.0604176422E-002 8.0888942879E-002 -1.9640650387E-018 -4.2493659243E-018 -5.7932695173E-019 -1.9315906652E-018 -8.0182546405E-002 -1.1540253689E-003 4.2793500476E-018 -4.7452391977E-018 1.1540253689E-003 -8.0182546405E-002
158.00 8.1343627152E-002 -9.7501014352E-003 -8.5785049526E-019 -5.0967963968E-018 -9.7501014352E-003 8.1343627152E-002 -9.2450937427E-019 -5.9479761060E-018 1.0484980337E-018 -1.1169854300E-018 -8.0750912227E-002 -1.0056712947E-003 5.8393251390E-018 -6.5931256709E-018 1.0056712947E-003 -8.0750912227E-002
159.00 8.1769016709E-002 -8.9238984565E-003 2.5900146745E-018 4.5062267627E-018 -8.9238984565E-003 8.1769016709E-002 3.0348716079E-018 1.9484581537E-018 -2.9895693525E-018 3.3636286042E-018 -8.1275918255E-002 -8.7249166004E-004 -4.7154090420E-018 2.4189438113E-018 8.7249166004E-004 -8.1275918255E-002
160.00 8.2165942316E-002 -8.1273834122E-003 -1.4266153730E-018 -7.2723412861E-018 -8.1273834122E-003 8.2165942316E-002 1.8564336333E-019 -1.0690597588E-017 1.4922620007E-018 -6.0901424050E-020 -8.1759526373E-002 -7.5336770070E-004 8.3574498097E-018 -1.1466091978E-017 7.5336770070E-004 -8.1759526373E-002
161.00 8.2535286586E-002 -7.3621948095E-003 1.3939324148E-018 2.3031633944E-018 -7.3621948095E-003 8.2535286586E-002 1.2376902358E-018 -1.0839147548E-018 -1.5277503139E-018 1.3604946895E-018 -8.2203726992E-002 -6.4721564292E-004 -2.2033487040E-018 -8.9272607784E-019 6.4721564292E-004 -8.2203726992E-002
162.00 8.2877972633E-002 -6.6298037901E-003 -2.6500733016E-018 -1.2761679473E-018 -6.6298037901E-003 8.2877972633E-002 -2.7623551194E-018 3.3288045627E-018 2.8869948642E-018 -2.9621743913E-018 -8.2610521428E-002 -5.5299075334E-004 9.9382509908E-019 3.2569929441E-018 5.5299075334E-004 -8.2610521428E-002
163.00 8.3194952856E-002 -5.9315245054E-003 1.2339911963E-018 -2.0541411147E-018 -5.9315245054E-003 8.3194952856E-002 4.2418754449E-018 -3.2221176807E-018 -1.5273582966E-018 4.3217173358E-018 -8.2981905185E-002 -4.6969083438E-004 2.2983761212E-018 -3.4016812134E-018 4.6969083438E-004 -8.2981905185E-002
164.00 8.3487197936E-002 -5.2685246867E-003 2.1084328635E-018 3.4237103139E-019 -5.2685246867E-003 8.3487197936E-002 1.6021799583E-018 7.0396595394E-019 -2.2157710511E-018 1.7421385404E-018 -8.3319852173E-002 -3.9635920574E-004 -3.7703161970E-019 7.1874134383E-019 3.9635920574E-004 -8.3319852173E-002
165.00 8.3755686100E-002 -4.6418362870E-003 1.0101045271E-018 -2.7744745989E-018 -4.6418362870E-003 8.3755686100E-002 1.6876591451E-018 -5.0685607163E-019 -1.0941803756E-018 1.7436831131E-018 -8.3626299859E-002 -3.3208721425E-004 2.8112463449E-018 -6.6856706402E-019 3.3208721425E-004 -8.3626299859E-002
166.00 8.4001392724E-002 -4.0523660821E-003 -4.8042982552E-019 -1.7389220461E-018 -4.0523660821E-003 8.4001392724E-002 -1.9390908192E-018 4.3354798615E-019 5.8029901344E-019 -1.9633926517E-018 -8.3903135363E-002 -2.7601631476E-004 1.7181098887E-018 3.5652796770E-019 2.7601631476E-004 -8.3903135363E-002
167.00 8.4225280325E-002 -3.5009061233E-003 1.2680040654E-018 -3.8045274558E-018 -3.5009061233E-003 8.4225280325E-002 1.9736543364E-018 -8.3828772498E-018 -1.3399747312E-018 2.0050118403E-018 -8.4152182496E-002 -2.2733976447E-004 4.1601973582E-018 -8.5538518115E-018 2.2733976447E-004 -8.4152182496E-002
168.00 8.4428289000E-002 -2.9881439442E-003 -4.2049215929E-018 1.3313280129E-018 -2.9881439442E-003 8.4428289000E-002 -3.0591621338E-018 -2.7624665209E-018 4.3131763175E-018 -3.2159561254E-018 -8.4375189729E-002 -1.8530397332E-004 -1.2438057641E-018 -2.7099932258E-018 1.8530397332E-004 -8.4375189729E-002
169.00 8.4611327358E-002 -2.5146724312E-003 2.1229525151E-018 -5.1509866917E-018 -2.5146724312E-003 8.4611327358E-002 6.6797572236E-019 -7.1695550216E-018 -2.1342808605E-018 7.1846773890E-019 -8.4573819095E-002 -1.4920955170E-004 5.3702122417E-018 -7.3271589252E-018 1.4920955170E-004 -8.4573819095E-002
170.00 8.4775263976E-002 -2.0809992735E-003 -1.5215139115E-018 -8.7567438394E-019 -2.0809992735E-003 8.4775263976E-002 -9.8584433097E-020 -4.7057085610E-018 1.5257770447E-018 -1.4258107838E-019 -8.4749636004E-002 -1.1841209635E-004 9.8935448749E-019 -4.7284342302E-018 1.1841209635E-004 -8.4749636004E-002
171.00 8.4920919440E-002 -1.6875559189E-003 -9.7524620505E-019 -4.2307258529E-018 -1.6875559189E-003 8.4920919440E-002 4.1153703198E-019 -3.8373843478E-018 9.7194277303E-019 3.8796913470E-019 -8.4904099960E-002 -9.2322753224E-005 4.3067790334E-018 -3.9226564093E-018 9.2322753224E-005 -8.4904099960E-002
172.00 8.5049058971E-002 -1.3347059650E-003 -9.2749287143E-020 5.7464441969E-019 -1.3347059650E-003 8.5049058971E-002 -9.1968503681E-019 -3.5010391143E-018 1.0676505954E-019 -9.2414533228E-019 -8.5038556164E-002 -7.0408594886E-005 -5.1985391709E-019 -3.4916871403E-018 7.0408594886E-005 -8.5038556164E-002
173.00 8.5160385692E-002 -1.0227529271E-003 -3.4795812434E-018 -1.7467251779E-018 -1.0227529271E-003 8.5160385692E-002 -9.4474909178E-019 -1.2307357576E-018 3.4922582897E-018 -9.8737613571E-019 -8.5154227984E-002 -5.2192847450E-005 1.7594928765E-018 -1.2511987795E-018 5.2192847450E-005 -8.5154227984E-002
174.00 8.5255534547E-002 -7.5194732660E-004 -2.8836851771E-018 -1.5652372898E-018 -7.5194732660E-004 8.5255534547E-002 -1.2993128311E-018 -3.1124393856E-018 2.8959533837E-018 -1.3261643322E-018 -8.5252210283E-002 -3.7255000029E-005 1.5914853482E-018 -3.1257870315E-018 3.7255000029E-005 -8.5252210283E-002
175.00 8.5335066891E-002 -5.2249305323E-004 -7.6380282770E-019 -1.2511840567E-018 -5.2249305323E-004 8.5335066891E-002 5.7247573024E-020 -7.7584230916E-019 7.6383794076E-019 5.2340247560E-020 -8.5333463575E-002 -2.5230826784E-005 1.2557321670E-018 -7.8353330703E-019 2.5230826784E-005 -8.5333463575E-002
176.00 8.5399465771E-002 -3.3455295969E-004 -1.7925601261E-018 -2.2570874105E-018 -3.3455295969E-004 8.5399465771E-002 -6.0454838188E-019 -1.6933821513E-018 1.7953613423E-018 -6.1189061457E-019 -8.5398808998E-002 -1.5812348791E-005 2.2634062285E-018 -1.7021241000E-018 1.5812348791E-005 -8.5398808998E-002
177.00 8.5449131918E-002 -1.8825365346E-004 -1.6586244935E-018 -5.0584705978E-019 -1.8825365346E-004 8.5449131918E-002 -7.1586341830E-019 -3.4420914283E-018 1.6602582003E-018 -7.1987178541E-019 -8.5448924099E-002 -8.7477598285E-006 5.1326163964E-019 -3.4431405419E-018 8.7477598285E-006 -8.5448924099E-002
178.00 8.5484380445E-002 -8.3689456497E-005 -1.2271966834E-018 -1.6486568072E-018 -8.3689456497E-005 8.5484380445E-002 -1.9434827279E-019 -3.3183492075E-018 1.2274617682E-018 -1.9569898184E-019 -8.5484339392E-002 -3.8413367743E-006 1.6518511166E-018 -3.3199560477E-018 3.8413367743E-006 -8.5484339392E-002
179.00 8.5505438274E-002 -2.0925509132E-005 -1.6265154486E-018 -2.1454131318E-018 -2.0925509132E-005 8.5505438274E-002 -5.0157941114E-019 -3.0851569846E-018 1.6266621763E-018 -5.0201188290E-019 -8.5505435708E-002 -9.5335181814E-007 2.1461500815E-018 -3.0856765210E-018 9.5335181814E-007 -8.5505435708E-002
180.00 8.5512442300E-002 1.5959455979E-016 -1.3608044164E-018 -2.2349759901E-018 1.5959455979E-016 8.5512442300E-002 -3.1522171594E-019 -2.4965849867E-018 1.3608044164E-018 -3.1522171594E-019 -8.5512442300E-002 2.7755575616E-017 2.2349759901E-018 -2.4965849867E-018 -2.7755575616E-017 -8.5512442300E-002
