theta s11 s12 s13 s14 s21 s22 s23 s24 s31 s32 s33 s34 s41 s42 s43 s44
0.00 2.8574465015E-001 2.7755575616E-017 -4.5781288651E-019 8.0618494837E-021 2.7755575616E-017 2.8574465015E-001 -1.4630475879E-020 1.2498913817E-019 -4.5781288651E-019 1.4630475879E-020 2.8574465015E-001 -5.7939764098E-016 8.0618494837E-021 -1.2498913817E-019 5.7939764098E-016 2.8574465015E-001
1.00 2.8559246077E-001 -4.1075269372E-005 -5.0847121535E-019 -5.5373443316E-020 -4.1075269372E-005 2.8559246077E-001 6.0144682668E-021 1.0326831720E-019 -5.0847053935E-019 -5.9416803678E-021 2.8559245781E-001 9.4808338390E-007 -5.5356903373E-020 -1.0326033447E-019 -9.4808338390E-007 2.8559245781E-001
2.00 2.8513638626E-001 -1.6406114018E-004 -4.6189429645E-019 -2.7081921425E-020 -1.6406114018E-004 2.8513638626E-001 3.0012174729E-020 1.2975880045E-019 -4.6187746337E-019 -2.9748139860E-020 2.8513633904E-001 3.7886616492E-006 -2.7001128513E-020 -1.2974284434E-019 -3.7886616492E-006 2.8513633904E-001
3.00 2.8437790482E-001 -3.6823951518E-004 -4.5879079042E-019 4.4231131221E-020 -3.6823951518E-004 2.8437790482E-001 2.3772544649E-020 1.0748525441E-019 -4.5875906399E-019 -2.3181696681E-020 2.8437766627E-001 8.5107363596E-006 4.4384080104E-020 -1.0754192552E-019 -8.5107363596E-006 2.8437766627E-001
4.00 2.8331947116E-001 -6.5241926618E-004 -4.9468574584E-019 -1.7312780785E-019 -6.5241926618E-004 2.8331947116E-001 1.2003027281E-021 1.0564672297E-019 -4.9469350452E-019 -6.6763873546E-023 2.8331871957E-001 1.5096034114E-005 -1.7285862780E-019 -1.0524832528E-019 -1.5096034114E-005 2.8331871957E-001
5.00 2.8196450328E-001 -1.0149447322E-003 -2.8996071570E-019 9.4705762827E-020 -1.0149447322E-003 2.8196450328E-001 9.0767315885E-020 3.7014278874E-019 -2.8962785898E-019 -8.9755072373E-020 2.8196267562E-001 2.3519092176E-005 9.6062890492E-020 -3.7047860145E-019 -2.3519092176E-005 2.8196267562E-001
6.00 2.8031736389E-001 -1.4537075119E-003 -4.0650370324E-019 -9.8424716438E-020 -1.4537075119E-003 2.8031736389E-001 3.9921090653E-020 1.6159614737E-019 -4.0631388446E-019 -3.7832890861E-020 2.8031359242E-001 3.3747377679E-005 -9.7539085623E-020 -1.6108333579E-019 -3.3747377679E-005 2.8031359242E-001
7.00 2.7838333698E-001 -1.9661614476E-003 -8.0621125323E-019 -2.8516496698E-019 -1.9661614476E-003 2.7838333698E-001 -1.8112903216E-019 -6.2435204186E-020 -8.0755758888E-019 1.8683837585E-019 2.7837638984E-001 4.5741439698E-005 -2.8548036701E-019 6.4420170849E-020 -4.5741439698E-005 2.7837638984E-001
8.00 2.7616859934E-001 -2.5493406683E-003 -3.5108147693E-019 2.9354480240E-019 -2.5493406683E-003 2.7616859934E-001 1.4651818995E-019 1.7057702794E-019 -3.4968030576E-019 -1.4332073177E-019 2.7615682607E-001 5.9455093327E-005 2.9520728243E-019 -1.7326330159E-019 -5.9455093327E-005 2.7615682607E-001
9.00 2.7368018760E-001 -3.1998805364E-003 -2.4650416511E-019 1.0224566959E-020 -3.1998805364E-003 2.7368018760E-001 -6.8649850877E-021 1.0639703160E-019 -2.4659814143E-019 9.7186582585E-021 2.7366147015E-001 7.4835634711E-005 1.1536784922E-020 -1.0652652069E-019 -7.4835634711E-005 2.7366147015E-001
10.00 2.7092596074E-001 -3.9140413136E-003 -4.2661474942E-019 1.8322576918E-019 -3.9140413136E-003 2.7092596074E-001 1.7210424492E-019 4.3221609231E-019 -4.2410838919E-019 -1.6610571041E-019 2.7089767082E-001 9.1824085782E-005 1.8963349666E-019 -4.3485224671E-019 -9.1824085782E-005 2.7089767082E-001
11.00 2.6791455856E-001 -4.6877343437E-003 -5.5548703375E-019 4.1618662967E-019 -4.6877343437E-003 2.6791455856E-001 3.1271314233E-019 1.1798309542E-019 -5.4992728649E-019 -3.0309169544E-019 2.6787352176E-001 1.1035546733E-004 4.1854162114E-019 -1.2515949034E-019 -1.1035546733E-004 2.6787352176E-001
12.00 2.6465535625E-001 -5.5165505248E-003 -3.5314785178E-019 1.1236341943E-019 -5.5165505248E-003 2.6465535625E-001 -1.0436420183E-019 1.9024964789E-019 -3.5534309753E-019 1.1165467597E-019 2.6459782363E-001 1.3035909882E-004 1.1652939686E-019 -1.9268866736E-019 -1.3035909882E-004 2.6459782363E-001
13.00 2.6115841555E-001 -6.3957908287E-003 -5.0798184664E-019 -1.5532307087E-019 -6.3957908287E-003 2.6115841555E-001 5.4881402970E-019 -2.1061224548E-019 -4.9478294499E-019 -5.3640967172E-019 2.6108004298E-001 1.5175892331E-004 -1.6024155179E-019 2.1479228558E-019 -1.5175892331E-004 2.6108004298E-001
14.00 2.5743443273E-001 -7.3204986072E-003 -8.2212466266E-021 -3.3181721770E-019 -7.3204986072E-003 2.5743443273E-001 3.3023143948E-019 3.0632886749E-020 9.4532951926E-022 -3.3014546252E-019 2.5733026836E-001 1.7447385555E-004 -3.3108073404E-019 -2.0981949095E-020 -1.7447385555E-004 2.5733026836E-001
15.00 2.5349468386E-001 -8.2854934133E-003 -6.6960228964E-019 -6.5424301735E-019 -8.2854934133E-003 2.5349468386E-001 3.6785992837E-019 -5.8904906444E-019 -6.5845781975E-019 -3.4568045619E-019 2.5335916398E-001 1.9841815141E-004 -6.7334070862E-019 6.1103028374E-019 -1.9841815141E-004 2.5335916398E-001
16.00 2.4935096762E-001 -9.2854060544E-003 -3.1063133171E-019 -2.2130773196E-019 -9.2854060544E-003 2.4935096762E-001 5.2509731872E-020 1.8836803649E-020 -3.0908808777E-019 -4.0980259983E-020 2.4917792104E-001 2.2350179645E-004 -2.2048224724E-019 -1.0566280872E-020 -2.2350179645E-004 2.4917792104E-001
17.00 2.4501554632E-001 -1.0314714586E-002 -2.8156872624E-019 9.3167891746E-020 -1.0314714586E-002 2.4501554632E-001 -1.3951143578E-019 2.0204646087E-019 -2.8759303458E-019 1.5128898128E-019 2.4479820727E-001 2.4963091162E-004 1.0205722445E-019 -2.0630580253E-019 -2.4963091162E-004 2.4479820727E-001
18.00 2.4050108515E-001 -1.1367780952E-002 -9.8554618632E-019 4.6773754924E-019 -1.1367780952E-002 2.4050108515E-001 -3.3241026585E-019 4.4663136993E-019 -1.0018142475E-018 3.7887745677E-019 2.4023211473E-001 2.7670817368E-004 4.9054975877E-019 -4.6970117109E-019 -2.7670817368E-004 2.4023211473E-001
19.00 2.3582059053E-001 -1.2438887977E-002 -2.3504607224E-019 -4.9342794135E-019 -1.2438887977E-002 2.3582059053E-001 2.9919069128E-019 -5.4043434291E-019 -2.2024618323E-019 -2.8645842201E-019 2.3549210641E-001 3.0463324815E-004 -5.2237749421E-019 5.6762202169E-019 -3.0463324815E-004 2.3549210641E-001
20.00 2.3098734754E-001 -1.3522276406E-002 -1.1544944906E-019 1.0627042454E-019 -1.3522276406E-002 2.3098734754E-001 -2.2936321788E-019 4.8028728954E-019 -1.2890333551E-019 2.3582274451E-019 2.3059096183E-001 3.3330323240E-004 1.3480435063E-019 -4.8768566087E-019 -3.3330323240E-004 2.3059096183E-001
21.00 2.2601485721E-001 -1.4612181712E-002 -3.7269532176E-019 3.0326215555E-019 -1.4612181712E-002 2.2601485721E-001 2.7380111971E-019 3.9921927698E-019 -3.5520729475E-019 -2.5090379152E-019 2.2554172195E-001 3.6261310644E-004 3.3033364994E-019 -4.1930081843E-019 -3.6261310644E-004 2.2554172195E-001
22.00 2.2091677383E-001 -1.5702870381E-002 3.3334095225E-020 1.4631245787E-018 -1.5702870381E-002 2.2091677383E-001 1.5129656562E-019 1.6704816685E-018 4.7024490852E-020 -1.5722374975E-019 2.2035763386E-001 3.9245618902E-004 1.5857933196E-018 -1.7787038564E-018 -3.9245618902E-004 2.2035763386E-001
23.00 2.1570684283E-001 -1.6788675390E-002 1.5389811487E-021 1.2591445966E-019 -1.6788675390E-002 2.1570684283E-001 5.4359400049E-019 2.2272824161E-019 4.4263203710E-020 -5.4582553135E-019 2.1505209537E-001 4.2272459670E-004 1.4359874759E-019 -2.3216332225E-019 -4.2272459670E-004 2.1505209537E-001
24.00 2.1039883953E-001 -1.7864030633E-002 -1.2344837614E-019 -1.7689238372E-019 -1.7864030633E-002 2.1039883953E-001 -9.6181160876E-020 -7.2552752406E-020 -1.3248862006E-019 1.0723896383E-019 2.0963859997E-001 4.5330970331E-004 -1.8342985727E-019 8.7657585066E-020 -4.5330970331E-004 2.0963859997E-001
25.00 2.0500650923E-001 -1.8923504024E-002 5.4127409183E-019 7.7399324170E-020 -1.8923504024E-002 2.0500650923E-001 3.1681178984E-019 8.7584404267E-019 5.7333947827E-019 -3.7044968677E-019 2.0413068233E-001 4.8410259755E-004 1.5756498746E-019 -8.8589847702E-019 -4.8410259755E-004 2.0413068233E-001
26.00 1.9954350885E-001 -1.9961829059E-002 -2.8939028678E-019 -3.4922316416E-019 -1.9961829059E-002 1.9954350885E-001 2.4109289184E-019 -5.8020019807E-019 -2.6767018629E-019 -2.1160821592E-019 1.9854186482E-001 5.1499453637E-004 -4.0862527463E-019 6.1878784936E-019 -5.1499453637E-004 1.9854186482E-001
27.00 1.9402335062E-001 -2.0973934613E-002 3.4841625007E-019 -7.8629189289E-019 -2.0973934613E-002 1.9402335062E-001 3.4031809992E-019 -4.8231563402E-019 3.8508691772E-019 -3.7859342724E-019 1.9288560514E-001 5.4587739174E-004 -8.4446558010E-019 5.7173160034E-019 -5.4587739174E-004 1.9288560514E-001
28.00 1.8845934802E-001 -2.1954972781E-002 -5.9319977434E-019 5.1055502425E-019 -2.1954972781E-002 1.8845934802E-001 3.1235782412E-019 2.0523515971E-019 -5.5896778379E-019 -2.4573934934E-019 1.8717524544E-001 5.7664408876E-004 5.3985303757E-019 -2.6577233431E-019 -5.7664408876E-004 1.8717524544E-001
29.00 1.8286456428E-001 -2.2900344580E-002 -1.7576623206E-018 -1.3804223531E-018 -2.2900344580E-002 1.8286456428E-001 -8.7739866191E-019 -1.5628864421E-018 -1.8876650084E-018 1.1120705095E-018 1.8142396316E-001 6.0718903278E-004 -1.5823422424E-018 1.7458193134E-018 -6.0718903278E-004 1.8142396316E-001
30.00 1.7725176375E-001 -2.3805723368E-002 -8.7185281377E-019 -9.5593838080E-019 -2.3805723368E-002 1.7725176375E-001 -2.1655060964E-019 -3.1970605663E-019 -9.1282559234E-019 3.3833360892E-019 1.7564472380E-001 6.3740852368E-004 -1.0047028533E-018 4.5096492869E-019 -6.3740852368E-004 1.7564472380E-001
31.00 1.7163336632E-001 -2.4667075852E-002 -8.1115914414E-019 -4.6909699449E-019 -2.4667075852E-002 1.7163336632E-001 -4.3282376537E-019 -5.6866910365E-019 -8.8470599726E-019 5.5768728040E-019 1.6985023593E-001 6.6720115523E-004 -5.5313331083E-019 6.4057464231E-019 -6.6720115523E-004 1.6985023593E-001
32.00 1.6602140505E-001 -2.5480680564E-002 -8.1049365477E-019 -4.0347020489E-019 -2.5480680564E-002 1.6602140505E-001 -3.1653873887E-019 -7.0408396226E-019 -8.7156565921E-019 4.4950564646E-019 1.6405290849E-001 6.9646819771E-004 -5.1396962026E-019 7.7329100028E-019 -6.9646819771E-004 1.6405290849E-001
33.00 1.6042748731E-001 -2.6243143747E-002 3.7721708713E-019 9.0349306434E-019 -2.6243143747E-002 1.6042748731E-001 8.1147368851E-019 8.1111214825E-019 5.2172994033E-019 -8.8954651503E-019 1.5826481068E-001 7.2511396229E-004 1.0479457843E-018 -9.6793569570E-019 -7.2511396229E-004 1.5826481068E-001
34.00 1.5486275947E-001 -2.6951412575E-002 -5.4277688078E-019 -1.2565185607E-018 -2.6951412575E-002 1.5486275947E-001 -2.7099569089E-019 -2.3827318461E-019 -6.0558311931E-019 3.7340774012E-019 1.5249763458E-001 7.5304614530E-004 -1.3151266185E-018 4.6219339696E-019 -7.5304614530E-004 1.5249763458E-001
35.00 1.4933787522E-001 -2.7602785686E-002 -3.0472422673E-019 -6.3495820292E-019 -2.7602785686E-002 1.4933787522E-001 -2.3582091987E-019 -7.1304804716E-019 -3.5856119926E-019 3.0175396938E-019 1.4676266052E-001 7.8017615128E-004 -7.7830205589E-019 8.4337714919E-019 -7.8017615128E-004 1.4676266052E-001
36.00 1.4386296777E-001 -2.8194921013E-002 -2.8717581352E-019 -5.8869708991E-019 -2.8194921013E-002 1.4386296777E-001 1.6648569686E-019 -2.2199283223E-019 -2.6326236552E-019 -1.1041463535E-019 1.4107072557E-001 8.0641939332E-004 -6.4321269066E-019 3.4467715344E-019 -8.0641939332E-004 1.4107072557E-001
37.00 1.3844762569E-001 -2.8725840932E-002 -5.1341053563E-019 -7.7169457368E-019 -2.8725840932E-002 1.3844762569E-001 -3.2583404383E-019 -4.7076034513E-019 -5.9938787619E-019 4.4592942269E-019 1.3543219486E-001 8.3169556975E-004 -8.8504627838E-019 6.4218371554E-019 -8.3169556975E-004 1.3543219486E-001
38.00 1.3310087276E-001 -2.9193934767E-002 1.0028047805E-019 4.0823223616E-019 -2.9193934767E-002 1.3310087276E-001 2.0501947911E-019 5.0932483598E-019 1.5238338060E-019 -2.3672134599E-019 1.2985693623E-001 8.5592891608E-004 5.3193025818E-019 -6.1226509049E-019 -8.5592891608E-004 1.2985693623E-001
39.00 1.2783115146E-001 -2.9597958697E-002 -8.7478588926E-020 2.1087554649E-020 -2.9597958697E-002 1.2783115146E-001 3.0988702834E-019 -2.9344957877E-021 -1.6018139237E-020 -2.9772946270E-019 1.2435429787E-001 8.7904843152E-004 2.1091929047E-020 1.0204730674E-022 -8.7904843152E-004 1.2435429787E-001
40.00 1.2264631037E-001 -2.9937033168E-002 7.6965960768E-020 -9.9714357202E-020 -2.9937033168E-002 1.2264631037E-001 3.9337488765E-019 -2.8414258667E-019 1.7705562465E-019 -4.2259568576E-019 1.1893308922E-001 9.0098807934E-004 -1.7569129993E-019 3.2131466371E-019 -9.0098807934E-004 1.1893308922E-001
41.00 1.1755359515E-001 -3.0210637880E-002 -1.4360378381E-020 4.3049443940E-019 -3.0210637880E-002 1.1755359515E-001 2.8565230734E-019 5.1158257014E-019 6.5818724242E-020 -2.9697512663E-019 1.1360156506E-001 9.2168696076E-004 5.8098443028E-019 -6.4145387269E-019 -9.2168696076E-004 1.1360156506E-001
42.00 1.1255964325E-001 -3.0418604489E-002 2.8323626781E-019 -9.1882990432E-020 -3.0418604489E-002 1.1255964325E-001 8.3503494040E-019 1.2362911088E-019 5.2801942067E-019 -9.4766234964E-019 1.0836741272E-001 9.4108946189E-004 -6.5320421806E-020 -9.4390564134E-020 -9.4108946189E-004 1.0836741272E-001
43.00 1.0767048205E-001 -3.0561107134E-002 -2.0759209804E-019 1.9562023450E-021 -3.0561107134E-002 1.0767048205E-001 -1.9477405882E-020 8.2336684993E-020 -2.2200678336E-019 8.0956298210E-020 1.0323774249E-001 9.5914537372E-004 2.8476623072E-020 -8.7203215746E-020 -9.5914537372E-004 1.0323774249E-001
44.00 1.0289153032E-001 -3.0638650954E-002 -1.9946596051E-019 1.8967742051E-020 -3.0638650954E-002 1.0289153032E-001 -1.9100658613E-019 4.8386345400E-020 -2.6816402656E-019 2.6172668831E-019 9.8219081010E-002 9.7580998511E-004 3.7628019432E-020 -5.9205264486E-020 -9.7580998511E-004 9.8219081010E-002
45.00 9.8227603007E-002 -3.0652058732E-002 1.6959880121E-020 6.4077533957E-019 -3.0652058732E-002 9.8227603007E-002 -3.3919474318E-019 9.1431694719E-019 -8.3201282502E-020 3.3897724975E-019 9.3317367727E-002 9.9104414892E-004 9.7570238851E-019 -1.1765032549E-018 -9.9104414892E-004 9.3317367727E-002
46.00 9.3682918917E-002 -3.0602455843E-002 -1.2044711030E-019 3.5245116844E-019 -3.0602455843E-002 9.3682918917E-002 -8.7455153287E-020 6.1221329415E-019 -1.5102115399E-019 1.2541835808E-019 8.8537954242E-002 1.0048143218E-003 5.8625290362E-019 -7.7103455193E-019 -1.0048143218E-003 8.8537954242E-002
47.00 8.9261111335E-002 -3.0491253687E-002 7.6724849873E-020 -2.2227474937E-019 -3.0491253687E-002 8.9261111335E-002 -8.8305664971E-020 -1.2170626109E-019 4.6132708247E-020 6.8615734121E-020 8.3885606442E-002 1.0170925776E-003 -2.8131630526E-019 2.0946720283E-019 -1.0170925776E-003 8.3885606442E-002
48.00 8.4965241245E-002 -3.0320131768E-002 -4.6098305273E-019 -5.7378928591E-020 -3.0320131768E-002 8.4965241245E-002 -1.8390381600E-020 -2.7863310820E-020 -5.0138962163E-019 1.9643776973E-019 7.9364509324E-002 1.0278565958E-003 -6.5579402939E-020 4.9206374201E-020 -1.0278565958E-003 7.9364509324E-002
49.00 8.0797812985E-002 -3.0091018628E-002 -6.5332877559E-019 -1.7511712691E-019 -3.0091018628E-002 8.0797812985E-002 -4.2918442674E-019 -1.2715310672E-019 -8.7943006559E-019 7.2742468122E-019 7.4978274362E-002 1.0370896252E-003 -2.2757525059E-019 1.9724034997E-019 -1.0370896252E-003 7.4978274362E-002
50.00 7.6760792126E-002 -2.9806071808E-002 -2.3452795656E-020 1.6835805902E-019 -2.9806071808E-002 7.6760792126E-002 4.4263801297E-019 7.4514725867E-020 1.6420502991E-019 -4.7263611593E-019 7.0729949280E-002 1.0447804229E-003 2.1168870037E-019 -1.4483399073E-019 -1.0447804229E-003 7.0729949280E-002
51.00 7.2855625325E-002 -2.9467657025E-002 6.5472147447E-019 1.7769456133E-019 -2.9467657025E-002 7.2855625325E-002 3.7191452635E-019 1.8062784532E-019 8.8458886680E-019 -7.0048521107E-019 6.6622030076E-002 1.0509231716E-003 2.6026064983E-019 -2.6507509379E-019 -1.0509231716E-003 6.6622030076E-002
52.00 6.9083261945E-002 -2.9078326769E-002 -2.1330494326E-019 -7.5444301825E-021 -2.9078326769E-002 6.9083261945E-002 4.6734852598E-020 -4.2193273306E-020 -2.1390407223E-019 4.8293421863E-020 6.2656475135E-002 1.0555173744E-003 -2.4296358313E-020 4.9208861586E-020 -1.0555173744E-003 6.2656475135E-002
53.00 6.5444177203E-002 -2.8640798479E-002 -3.4805718235E-020 -3.1024943199E-019 -2.8640798479E-002 6.5444177203E-002 1.4125030289E-019 1.1717618559E-019 2.4854103086E-020 -1.3975731497E-019 5.8834721267E-002 1.0585677287E-003 -2.8850836160E-019 2.3204579891E-020 -1.0585677287E-003 5.8834721267E-002
54.00 6.1938396610E-002 -2.8157932497E-002 -3.7533496635E-019 -5.2957877967E-019 -2.8157932497E-002 6.1938396610E-002 -2.5473524324E-019 -3.0659918570E-019 -5.6574642266E-019 4.8929069253E-019 5.5157701494E-002 1.0600839811E-003 -7.4032673299E-019 6.0523581231E-019 -1.0600839811E-003 5.5157701494E-002
55.00 5.8565521491E-002 -2.7632709970E-002 2.6903521472E-019 3.6223999846E-019 -2.7632709970E-002 5.8565521491E-002 6.0278894255E-019 3.9585957964E-019 6.4036073531E-019 -8.4066605339E-019 5.1625864409E-002 1.0600807642E-003 6.0966753061E-019 -6.2569841674E-019 -1.0600807642E-003 5.1625864409E-002
56.00 5.5324755346E-002 -2.7068210862E-002 -4.1010948143E-019 -5.8441867944E-019 -2.7068210862E-002 5.5324755346E-002 -1.2908798658E-019 -4.8381297123E-019 -5.6317709377E-019 3.9735287076E-019 4.8239194943E-002 1.0585774155E-003 -9.2938129427E-019 8.7408949482E-019 -1.0585774155E-003 4.8239194943E-002
57.00 5.2214930848E-002 -2.6467592240E-002 1.5390678298E-019 1.1673729276E-019 -2.6467592240E-002 5.2214930848E-002 3.6381007860E-019 -1.4211573481E-020 3.9535290679E-019 -5.1363633878E-019 4.4997236335E-002 1.0555977826E-003 1.1782834496E-019 -4.0124805529E-020 -1.0555977826E-003 4.4997236335E-002
58.00 4.9234537256E-002 -2.5834066983E-002 5.4285113393E-019 2.9399708615E-019 -2.5834066983E-002 4.9234537256E-002 5.9194605178E-019 4.9434142044E-019 1.0185437496E-018 -1.0487511778E-018 4.1899113160E-002 1.0511700130E-003 6.2471482661E-019 -7.3584840786E-019 -1.0511700130E-003 4.1899113160E-002
59.00 4.6381748052E-002 -2.5170883048E-002 -1.5789840586E-022 -4.4493368575E-020 -2.5170883048E-002 4.6381748052E-002 1.9870771707E-019 2.0538912000E-019 1.3029228237E-019 -2.4217835415E-019 3.8943555203E-002 1.0453263322E-003 7.6262871700E-020 -2.0935976664E-019 -1.0453263322E-003 3.8943555203E-002
60.00 4.3654448603E-002 -2.4481303424E-002 2.4853996397E-019 1.9927262687E-019 -2.4481303424E-002 4.3654448603E-002 5.4472502188E-020 7.4535125584E-020 3.4530557137E-019 -2.4050099614E-019 3.6128922044E-002 1.0381028106E-003 2.8136435891E-019 -2.1817918293E-019 -1.0381028106E-003 3.6128922044E-002
61.00 4.1050263674E-002 -2.3768586899E-002 1.8917984255E-019 1.4262194258E-019 -2.3768586899E-002 4.1050263674E-002 2.6199392030E-019 4.0086585320E-019 4.3203090446E-019 -4.7371226938E-019 3.3453228151E-002 1.0295391206E-003 4.4653061374E-019 -5.7865464005E-019 -1.0295391206E-003 3.3453228151E-002
62.00 3.8566584615E-002 -2.3035969719E-002 -7.3163713928E-020 -2.8518327297E-019 -2.3035969719E-002 3.8566584615E-002 -4.4346289228E-021 -9.4617577810E-020 -1.0852147277E-019 7.0876634332E-020 3.0914168340E-002 1.0196782864E-003 -4.2270247583E-019 3.2820804313E-019 -1.0196782864E-003 3.0914168340E-002
63.00 3.6200596079E-002 -2.2286648263E-002 1.3322646788E-019 -1.7273901472E-019 -2.2286648263E-002 3.6200596079E-002 -2.4083887030E-019 -4.5684317633E-020 -2.8091039521E-020 2.0823526408E-019 2.8509143436E-002 1.0085664268E-003 -2.5406143661E-019 1.8567917019E-019 -1.0085664268E-003 2.8509143436E-002
64.00 3.3949302113E-002 -2.1523762788E-002 1.8530491227E-019 -6.6968497495E-021 -2.1523762788E-002 3.3949302113E-002 8.1470066231E-020 -1.1727042046E-019 3.0221125408E-019 -2.5111805992E-019 2.6235285979E-002 9.9625249290E-004 -1.1635218328E-019 1.6678176618E-019 -9.9625249290E-004 2.6235285979E-002
65.00 3.1809551502E-002 -2.0750382315E-002 -1.5094261108E-019 -5.4302596394E-019 -2.0750382315E-002 3.1809551502E-002 -1.9567327359E-019 -3.6325332647E-019 -4.0920471168E-019 4.2634438832E-019 2.4089485845E-002 9.8278800275E-004 -1.0132593300E-018 9.3002879967E-019 -9.8278800275E-004 2.4089485845E-002
66.00 2.9778062252E-002 -1.9969490722E-002 -2.4214570983E-019 -1.9237836035E-019 -1.9969490722E-002 2.9778062252E-002 -3.2895136124E-020 -1.4149582810E-019 -3.7279527537E-019 2.7897971694E-019 2.2068415637E-002 9.6822677327E-004 -3.7126834047E-019 3.5276904136E-019 -9.6822677327E-004 2.2068415637E-002
67.00 2.7851445100E-002 -1.9183974065E-002 -5.7545842121E-019 -2.3904153505E-019 -1.9183974065E-002 2.7851445100E-002 3.7671874427E-019 8.5555829293E-020 -4.4709235196E-019 3.2229297526E-020 2.0168555713E-002 9.5262465169E-004 -2.2760381304E-019 1.0770283871E-019 -9.5262465169E-004 2.0168555713E-002
68.00 2.6026225979E-002 -1.8396609173E-002 3.4267317586E-020 2.1191636302E-019 -1.8396609173E-002 2.6026225979E-002 -3.4797440795E-020 2.1025170402E-020 2.9954246184E-020 2.6533395150E-021 1.8386218757E-002 9.3603924738E-004 3.1948584552E-019 -2.4193294080E-019 -9.3603924738E-004 1.8386218757E-002
69.00 2.4298867345E-002 -1.7610053526E-002 -1.1864019382E-019 4.2604624357E-020 -1.7610053526E-002 2.4298867345E-002 5.0862834968E-020 1.2436593584E-019 -1.0793821271E-019 3.8531043172E-020 1.6717573757E-002 9.1852966552E-004 1.9886135400E-019 -2.2776110063E-019 -9.1852966552E-004 1.6717573757E-002
70.00 2.2665788321E-002 -1.6826836411E-002 -3.9452853545E-019 5.5411467260E-020 -1.6826836411E-002 2.2665788321E-002 -4.4900140125E-020 2.6900145722E-019 -6.1493431631E-019 4.7586618327E-019 1.5158669313E-002 9.0015624366E-004 4.1797369782E-019 -4.9198801981E-019 -9.0015624366E-004 1.5158669313E-002
71.00 2.1123383605E-002 -1.6049351383E-002 2.7009080676E-020 2.8234139464E-021 -1.6049351383E-002 2.1123383605E-002 1.1107596517E-019 6.5587665762E-020 1.7618821165E-019 -2.0867086514E-019 1.3705456171E-002 8.8098029245E-004 6.9830671515E-020 -9.0979275031E-020 -8.8098029245E-004 1.3705456171E-002
72.00 1.9668041102E-002 -1.5279849971E-002 -2.8651762532E-019 2.6941933012E-020 -1.5279849971E-002 1.9668041102E-002 3.7633728977E-019 -1.6852799995E-020 1.0804270641E-020 -2.4403931426E-019 1.2353808916E-002 8.6106384157E-004 2.1295749785E-020 1.0517104397E-020 -8.6106384157E-004 1.2353808916E-002
73.00 1.8296158267E-002 -1.4520436649E-002 -3.0006922037E-019 1.1843645796E-019 -1.4520436649E-002 1.8296158267E-002 1.0301518293E-019 1.1589251465E-019 -3.3169574701E-019 1.9542578715E-019 1.1099546749E-002 8.4046939176E-004 3.7195412681E-019 -3.6077025103E-019 -8.4046939176E-004 1.1099546749E-002
74.00 1.7004157132E-002 -1.3773065003E-002 1.7774993103E-019 -1.4165569320E-019 -1.3773065003E-002 1.7004157132E-002 6.3468106831E-020 -9.1950445106E-020 3.5915307826E-019 -3.2357276950E-019 9.9384532897E-003 8.1925967401E-004 -3.9939964918E-019 3.8030696518E-019 -8.1925967401E-004 9.9384532897E-003
75.00 1.5788498041E-002 -1.3039535077E-002 -1.8420891670E-020 1.0315531631E-019 -1.3039535077E-002 1.5788498041E-002 -4.4743402226E-020 1.3690073616E-019 -6.3460415551E-020 7.0622585338E-020 8.8662953509E-003 7.9749741672E-004 3.9073805249E-019 -4.0184491475E-019 -7.9749741672E-004 8.8662953509E-003
76.00 1.4645692069E-002 -1.2321491838E-002 -1.7651742005E-020 7.9511832947E-020 -1.2321491838E-002 1.4645692069E-002 -1.3550298958E-019 1.7157671185E-019 -2.0182239182E-019 2.3360762959E-019 7.8788406551E-003 7.7524512149E-004 4.3598403001E-019 -4.6627002941E-019 -7.7524512149E-004 7.8788406551E-003
77.00 1.3572312172E-002 -1.1620424712E-002 -2.1963541696E-020 -4.6881967092E-020 -1.1620424712E-002 1.3572312172E-002 2.3184774446E-020 5.4962405154E-020 -4.0295929487E-021 -1.1507142426E-020 6.9718744500E-003 7.5256484842E-004 7.7774327984E-022 -2.7613618403E-020 -7.5256484842E-004 6.9718744500E-003
78.00 1.2565003077E-002 -1.0937668126E-002 -1.5891837846E-019 -1.9857237143E-020 -1.0937668126E-002 1.2565003077E-002 -9.2649406534E-020 -7.4285478893E-020 -5.0359647549E-019 4.8796992739E-019 6.1412150065E-003 7.2951801138E-004 -1.1311010288E-019 1.2938910114E-019 -7.2951801138E-004 6.1412150065E-003
79.00 1.1620489956E-002 -1.0274402999E-002 -2.1058563764E-020 1.3153282109E-019 -1.0274402999E-002 1.1620489956E-002 1.4507270565E-019 -1.6794153623E-020 2.6002072909E-019 -2.9607918752E-019 5.3827279837E-003 7.0616518379E-004 2.1779074506E-019 -1.7596729893E-019 -7.0616518379E-004 5.3827279837E-003
80.00 1.0735585912E-002 -9.6316591100E-003 1.2253583908E-019 -6.5071702420E-020 -9.6316591100E-003 1.0735585912E-002 -1.2373132925E-019 4.5492052516E-021 5.9502060743E-021 4.8453241204E-020 4.6923396534E-003 6.8256591555E-004 -1.4040498217E-019 1.1611212762E-019 -6.8256591555E-004 4.6923396534E-003
81.00 9.9071983391E-003 -9.0103182734E-003 3.2433660808E-020 -6.9420766053E-020 -9.0103182734E-003 9.9071983391E-003 6.1007221252E-022 -4.3775470495E-020 3.6303567728E-020 -3.0356608542E-020 4.0660489851E-003 6.5877856118E-004 -2.7203613041E-019 2.6541582562E-019 -6.5877856118E-004 4.0660489851E-003
82.00 9.1323341955E-003 -8.4111182538E-003 -9.9232480102E-020 -2.5207637074E-020 -8.4111182538E-003 9.1323341955E-003 1.5211815210E-019 -1.5072631762E-020 8.5338220297E-020 -1.3584971985E-019 3.4999386006E-003 6.3486011981E-004 -1.1747637141E-019 1.2455026958E-019 -6.3486011981E-004 3.4999386006E-003
83.00 8.4081042460E-003 -7.8346573398E-003 5.9259165452E-020 5.8976822832E-020 -7.8346573398E-003 8.4081042460E-003 1.2480053922E-019 -2.3019766710E-020 4.9454165490E-019 -5.0352361714E-019 2.9901846103E-003 6.1086608700E-004 4.4922191837E-021 1.3067722281E-020 -6.1086608700E-004 2.9901846103E-003
84.00 7.7317263400E-003 -7.2813995094E-003 4.5323654136E-020 -3.7487847757E-020 -7.2813995094E-003 7.7317263400E-003 4.3327726551E-020 6.6745086123E-020 2.6652443852E-019 -2.7026205559E-019 2.5330653535E-003 5.8685031868E-004 1.5689254003E-020 -3.3353806136E-020 -5.8685031868E-004 2.5330653535E-003
85.00 7.1005277789E-003 -6.7516801095E-003 -1.4699407062E-019 -6.6804575863E-020 -6.7516801095E-003 7.1005277789E-003 1.0887641099E-019 -2.9626020952E-020 -2.1427112733E-019 1.7350915155E-019 2.1249690669E-003 5.6286490722E-004 -2.6060024754E-019 2.6529388456E-019 -5.6286490722E-004 2.1249690669E-003
86.00 6.5119468382E-003 -6.2457119772E-003 -8.1279126599E-021 2.0319860871E-020 -6.2457119772E-003 6.5119468382E-003 2.1889125135E-020 -3.2888082309E-020 3.1876843602E-020 -3.3775709716E-020 1.7624005121E-003 5.3896006975E-004 -5.1218767280E-020 5.9837252276E-020 -5.3896006975E-004 1.7624005121E-003
87.00 5.9635335091E-003 -5.7635919324E-003 1.9718295382E-020 -3.1303869839E-020 -5.7635919324E-003 5.9635335091E-003 -2.0591499472E-020 6.7543042540E-020 4.3846515070E-020 -4.3232397702E-020 1.4419865973E-003 5.1518404863E-004 1.2484154396E-019 -1.3876677115E-019 -5.1518404863E-004 1.4419865973E-003
88.00 5.4529495235E-003 -5.3053075700E-003 -1.1438890041E-021 -1.0414276018E-020 -5.3053075700E-003 5.4529495235E-003 5.4748006352E-020 5.5938949553E-020 2.8192510861E-019 -2.9098601902E-019 1.1604810313E-003 4.9158302387E-004 8.7373434753E-020 -9.1976982733E-020 -4.9158302387E-004 1.1604810313E-003
89.00 4.9779677275E-003 -4.8707442854E-003 5.0579525860E-020 -1.5702600442E-019 -4.8707442854E-003 4.9779677275E-003 -4.1233788634E-020 1.8220936322E-019 9.1049318969E-020 -9.8648532363E-020 9.1476805250E-004 4.6820103765E-004 6.9083574248E-020 -1.0495717531E-019 -4.6820103765E-004 9.1476805250E-004
90.00 4.5364708666E-003 -4.4596924685E-003 2.1418395668E-020 -3.9476184758E-020 -4.4596924685E-003 4.5364708666E-003 -3.8221546327E-022 3.8415862170E-020 9.2000788062E-020 -9.4153605229E-020 7.0186527639E-004 4.4507993032E-004 -6.9396986675E-020 6.2241409889E-020 -4.4507993032E-004 7.0186527639E-004
91.00 4.1264498469E-003 -4.0718548035E-003 -1.5866546027E-019 9.0706794491E-020 -4.0718548035E-003 4.1264498469E-003 1.6380991650E-019 -7.3545137486E-020 8.4840621844E-020 -9.6792344083E-020 5.1892571003E-004 4.2225928797E-004 7.5169095643E-020 -4.8163173949E-020 -4.2225928797E-004 5.1892571003E-004
92.00 3.7460015318E-003 -3.7068536183E-003 3.2741770880E-020 4.0175686086E-020 -3.7068536183E-003 3.7460015318E-003 -3.4801696738E-020 -7.3697352480E-021 1.6087082408E-019 -1.5502850501E-019 3.6323898115E-004 3.9977640111E-004 1.6206215690E-019 -1.6336795633E-019 -3.9977640111E-004 3.6323898115E-004
93.00 3.3933261348E-003 -3.3642382271E-003 -5.9299639592E-022 1.0463014663E-020 -3.3642382271E-003 3.3933261348E-003 6.4431676667E-021 -1.0672252598E-020 2.2464645514E-020 -2.1525245579E-020 2.3223183258E-004 3.7766623409E-004 -3.8253658125E-020 3.9373233615E-020 -3.7766623409E-004 2.3223183258E-004
94.00 3.0667242658E-003 -3.0434922162E-003 -1.6259463946E-020 5.0192250533E-020 -3.0434922162E-003 3.0667242658E-003 2.3589145259E-020 -4.3267231218E-020 7.4849266776E-020 -7.0209833279E-020 1.2346793309E-004 3.5596140500E-004 -3.5646007996E-020 3.9855976012E-020 -3.5596140500E-004 1.2346793309E-004
95.00 2.7645936838E-003 -2.7440406275E-003 -1.5326425328E-020 -3.7509658500E-020 -2.7440406275E-003 2.7645936838E-003 1.1340356459E-020 4.3928397717E-020 4.6344753565E-020 -5.1460469021E-020 3.4647056087E-005 3.3469217547E-004 3.8419329830E-020 -3.7311328470E-020 -3.3469217547E-004 3.4647056087E-005
96.00 2.4854258088E-003 -2.4652569958E-003 1.5005699974E-020 -7.8092740969E-021 -2.4652569958E-003 2.4854258088E-003 1.2664629800E-020 -2.4485290763E-022 -8.7888160388E-020 8.7391344947E-020 -3.6396322135E-005 3.1388645012E-004 -2.0809536501E-019 2.0800254689E-019 -3.1388645012E-004 -3.6396322135E-005
97.00 2.2278020423E-003 -2.2064702030E-003 4.2062854058E-020 -1.0849967542E-020 -2.2064702030E-003 2.2278020423E-003 -4.0929953490E-020 1.6642456960E-020 3.5655213837E-020 -3.9191525068E-020 -9.1694953045E-005 2.9356978503E-004 -2.2708033619E-020 1.7782024820E-020 -2.9356978503E-004 -9.1694953045E-005
98.00 1.9903899397E-003 -1.9669711148E-003 5.8632863904E-020 1.8056199014E-020 -1.9669711148E-003 1.9903899397E-003 -5.7678772010E-020 -1.7189301364E-020 1.6170710699E-021 -3.0923062106E-021 -1.3315122470E-004 2.7376540475E-004 -1.2657183494E-020 3.4249999447E-021 -2.7376540475E-004 -1.3315122470E-004
99.00 1.7719392786E-003 -1.7460189701E-003 7.3517271575E-020 4.4559608037E-020 -1.7460189701E-003 1.7719392786E-003 -6.1275884202E-020 -2.7056441150E-020 4.7021055053E-020 -4.8068085175E-020 -1.6253999875E-004 2.5449422753E-004 -1.2150408071E-019 1.0844407563E-019 -2.5449422753E-004 -1.6253999875E-004
100.00 1.5712780621E-003 -1.5428474982E-003 -2.7513977367E-020 3.0469762416E-020 -1.5428474982E-003 1.5712780621E-003 4.1907752499E-020 -2.5519517214E-020 -2.1278837019E-020 2.9564222820E-020 -1.8151182685E-004 2.3577489792E-004 -7.4489700278E-020 7.6482293294E-020 -2.3577489792E-004 -1.8151182685E-004
101.00 1.3873084907E-003 -1.3566707411E-003 -1.2058097649E-020 7.2538399670E-021 -1.3566707411E-003 1.3873084907E-003 -2.0587669125E-021 -8.0047536778E-021 4.2427930857E-020 -4.0519581756E-020 -1.9159649914E-004 2.1762382653E-004 5.2348712210E-020 -5.2621090549E-020 -2.1762382653E-004 -1.9159649914E-004
102.00 1.2190029375E-003 -1.1866885658E-003 4.6805634890E-020 1.9645567149E-020 -1.1866885658E-003 1.2190029375E-003 -5.2423535265E-020 -2.2067791013E-021 6.7765842659E-020 -7.3959201674E-020 -1.9420687908E-004 2.0005523621E-004 -4.0020893767E-020 3.0004983162E-020 -2.0005523621E-004 -1.9420687908E-004
103.00 1.0653999541E-003 -1.0320918492E-003 7.3327899395E-020 1.0093591769E-020 -1.0320918492E-003 1.0653999541E-003 -9.7910019772E-020 -4.4703638666E-021 7.8657308360E-020 -9.2950055831E-020 -1.9064298085E-004 1.8308121410E-004 4.3331201480E-020 -5.9601568784E-020 -1.8308121410E-004 -1.9064298085E-004
104.00 9.2560033328E-004 -8.9206732912E-004 4.2858165277E-020 1.0633673043E-020 -8.9206732912E-004 9.2560033328E-004 -1.0041796745E-020 1.7417388096E-021 -6.0581719252E-020 5.6097679266E-020 -1.8209624730E-004 1.6671176921E-004 -1.1804727180E-019 1.1230461909E-019 -1.6671176921E-004 -1.8209624730E-004
105.00 7.9876325104E-004 -7.6580211220E-004 4.8557223475E-022 1.5640912774E-020 -7.6580211220E-004 7.9876325104E-004 4.8349565679E-021 8.6975837724E-024 2.3133232993E-020 -2.1153354190E-020 -1.6965398886E-004 1.5095489466E-004 -5.3096141594E-020 5.1820703153E-020 -1.5095489466E-004 -1.6965398886E-004
106.00 6.8410250819E-004 -6.5248783576E-004 1.6574497787E-021 4.0302883295E-021 -6.5248783576E-004 6.8410250819E-004 1.6509024916E-020 -1.5364065471E-021 -3.7836229635E-020 4.0116439442E-020 -1.5430394589E-004 1.3581663440E-004 -4.4674380167E-020 4.5540859542E-020 -1.3581663440E-004 -1.5430394589E-004
107.00 5.8088288732E-004 -5.5132448326E-004 -3.1126470787E-021 1.6083673501E-020 -5.5132448326E-004 5.8088288732E-004 8.7846028568E-021 2.6431018565E-020 7.4262042407E-020 -7.3931668393E-020 -1.3693893926E-004 1.2130115355E-004 -1.0885674321E-019 1.1138287462E-019 -1.2130115355E-004 -1.3693893926E-004
108.00 4.8841663976E-004 -4.6152385491E-004 2.6538419110E-020 -7.9288809997E-021 -4.6152385491E-004 4.8841663976E-004 -1.9893302714E-020 -1.4564683075E-020 -6.2060963950E-020 5.7025938144E-020 -1.1836157650E-004 1.0741081210E-004 3.3190902591E-020 -3.9267802118E-020 -1.0741081210E-004 -1.1836157650E-004
109.00 4.0606011377E-004 -3.8231269804E-004 1.3867754490E-020 -1.0803399648E-020 -3.8231269804E-004 4.0606011377E-004 -1.9755737598E-020 1.0041115992E-020 7.4360179189E-021 -1.4159835707E-020 -9.9288983060E-005 9.4146241321E-005 1.2569941222E-020 -1.3960012802E-020 -9.4146241321E-005 -9.9288983060E-005
110.00 3.3321053303E-004 -3.1293550397E-004 -1.1886135069E-020 1.7816921896E-021 -3.1293550397E-004 3.3321053303E-004 1.7593785289E-020 -9.1203154391E-021 -2.3540827552E-020 2.8582284226E-020 -8.0357530889E-005 8.1506422477E-005 4.2517890288E-021 -1.8889417140E-021 -8.1506422477E-005 -8.0357530889E-005
111.00 2.6930293233E-004 -2.5265697994E-004 5.9858808053E-021 9.9620337937E-021 -2.5265697994E-004 2.6930293233E-004 -1.8704714627E-021 -2.5535852006E-021 8.1489292881E-021 -7.4178403740E-021 -6.2127538762E-005 6.9488767272E-005 -2.3682971614E-020 2.1147349994E-020 -6.9488767272E-005 -6.2127538762E-005
112.00 2.1380725513E-004 -2.0076420640E-004 -8.4983650990E-021 -7.1329123794E-021 -2.0076420640E-004 2.1380725513E-004 -6.5168917941E-021 -4.3186698555E-021 3.6268457600E-022 -5.4151160652E-022 -4.5087921378E-005 5.8089199706E-005 5.3521447123E-020 -5.2937734623E-020 -5.8089199706E-005 -4.5087921378E-005
113.00 1.6622561604E-004 -1.5656849160E-004 1.8225381561E-020 -9.7953927320E-021 -1.5656849160E-004 1.6622561604E-004 -1.6992578826E-020 5.1583508918E-021 -1.5963424140E-020 1.0536010167E-020 -2.9660766463E-005 4.7302238813E-005 2.2084483910E-021 -5.9952240675E-021 -4.7302238813E-005 -2.9660766463E-005
114.00 1.2608972938E-004 -1.1940693649E-004 1.4145329739E-021 1.1764174139E-020 -1.1940693649E-004 1.2608972938E-004 -7.4108072304E-021 -4.2330010448E-021 2.9105465304E-020 -2.7269144795E-020 -1.6205821512E-005 3.7121081926E-005 6.3270174380E-021 -8.7174920312E-021 -3.7121081926E-005 -1.6205821512E-005
115.00 9.2958503682E-005 -8.8643723888E-005 6.8411570580E-021 -9.1408259832E-021 -8.8643723888E-005 9.2958503682E-005 -9.4159348605E-021 7.3394444881E-021 -5.7235367760E-021 2.7746831583E-021 -5.0248739951E-006 2.7537688057E-005 8.2606737716E-021 -1.0269853110E-020 -2.7537688057E-005 -5.0248739951E-006
116.00 6.6415800370E-005 -6.3671147051E-005 2.5578749190E-021 -2.9404603594E-021 -6.3671147051E-005 6.6415800370E-005 -3.6902870474E-021 7.5833180144E-021 1.4271119052E-020 -1.5596657177E-020 3.6339889967E-006 1.8542861052E-005 6.3066097804E-021 -7.4912182061E-021 -1.8542861052E-005 3.6339889967E-006
117.00 4.6068354085E-005 -4.3910392908E-005 -3.4042591574E-021 5.6565440318E-022 -4.3910392908E-005 4.6068354085E-005 4.3730189898E-021 5.7335901496E-022 4.4069214632E-021 -5.2351625849E-021 9.5722536176E-006 1.0126332182E-005 6.9045771093E-022 1.8398824576E-022 -1.0126332182E-005 9.5722536176E-006
118.00 3.1543850705E-005 -2.8812095968E-005 1.7429914277E-021 -3.6108471846E-021 -2.8812095968E-005 3.1543850705E-005 -4.2717667307E-021 -8.1166657190E-022 -7.1151601622E-021 8.2689019077E-021 1.2636994676E-005 2.2768418487E-006 -9.5818466622E-021 8.7688715323E-021 -2.2768418487E-006 1.2636994676E-005
119.00 2.2489158525E-005 -1.7856679011E-005 4.3177712732E-021 -1.5036797364E-021 -1.7856679011E-005 2.2489158525E-005 -1.0986655023E-021 5.7599997671E-021 3.4186851659E-021 -8.0804169374E-022 1.2717041760E-005 -5.0177798605E-006 6.7776913989E-021 -8.3935713060E-021 5.0177798605E-006 1.2717041760E-005
120.00 1.8568707225E-005 -1.0554496792E-005 1.8547869669E-021 -6.7283889170E-023 -1.0554496792E-005 1.8568707225E-005 -2.1266030710E-021 -5.0190815091E-021 3.2350847003E-021 -3.9049746028E-021 9.7393025427E-006 -1.1770534035E-005 -1.6576731120E-021 4.9227720360E-021 1.1770534035E-005 9.7393025427E-006
121.00 1.9463008683E-005 -6.4457989044E-006 3.2371058821E-021 -8.0317039652E-021 -6.4457989044E-006 1.9463008683E-005 7.8945156269E-022 -7.2188271315E-021 1.1563579598E-020 -1.0652726346E-020 3.6652481224E-006 -1.7995175456E-005 1.4286650086E-021 1.5637797358E-022 1.7995175456E-005 3.6652481224E-006
122.00 2.4867313214E-005 -5.1005277744E-006 -1.4408393442E-023 1.3572012493E-021 -5.1005277744E-006 2.4867313214E-005 -2.9705323789E-021 5.4566656220E-023 -1.2174582903E-021 -3.5675851775E-022 -5.5124362114E-006 -2.3706136967E-005 -9.3734133620E-022 3.0361775525E-021 2.3706136967E-005 -5.5124362114E-006
123.00 3.4490394461E-005 -6.1179674337E-006 2.9561657770E-021 -1.1423120219E-020 -6.1179674337E-006 3.4490394461E-005 2.2350225693E-021 -1.4106332167E-020 1.0271244282E-020 -1.2497663767E-020 -1.7773032763E-005 -2.8918455889E-005 1.0311210298E-020 -1.0972021633E-020 2.8918455889E-005 -1.7773032763E-005
124.00 4.8053455901E-005 -9.1262583266E-006 -1.1316435543E-020 -6.6855801686E-021 -9.1262583266E-006 4.8053455901E-005 -8.1449336821E-021 -3.0394412074E-021 1.4459726908E-020 -1.0479848343E-020 -3.3070804959E-005 -3.3647702631E-005 -4.1587325698E-021 4.4012486284E-021 3.3647702631E-005 -3.3070804959E-005
125.00 6.5289151728E-005 -1.3781792906E-005 6.4791619339E-021 8.5782391016E-021 -1.3781792906E-005 6.5289151728E-005 1.0814352008E-020 4.1682407021E-021 -1.2958894801E-020 1.3659236218E-020 -5.1337842929E-005 -3.7909911645E-005 -2.4590286669E-021 -2.4826914506E-021 3.7909911645E-005 -5.1337842929E-005
126.00 8.5940714835E-005 -1.9768506219E-005 3.5134161548E-021 -1.2381256661E-020 -1.9768506219E-005 8.5940714835E-005 1.8458435372E-020 -1.7019356933E-020 1.4430124966E-021 6.9744858105E-021 -7.2486742429E-005 -4.1721514836E-005 1.8490231443E-020 -2.7569189846E-020 4.1721514836E-005 -7.2486742429E-005
127.00 1.0976118453E-004 -2.6797075059E-005 1.0229619885E-020 -1.6669770083E-020 -2.6797075059E-005 1.0976118453E-004 1.4988825218E-020 -8.6997093228E-021 -4.7617006581E-021 1.0753969568E-020 -9.6413119257E-005 -4.5099277513E-005 2.3623027144E-020 -1.9567749212E-020 4.5099277513E-005 -9.6413119257E-005
128.00 1.3651272669E-004 -3.4604038599E-005 1.9801754140E-020 3.0410247714E-021 -3.4604038599E-005 1.3651272669E-004 7.9235983890E-021 1.1453552822E-020 -2.3236888221E-020 1.7061684655E-020 -1.2299796210E-004 -4.8060236979E-005 2.4820946784E-021 6.9009180492E-021 4.8060236979E-005 -1.2299796210E-004
129.00 1.6596603917E-004 -4.2950852739E-005 1.3013764101E-020 -3.1028012952E-020 -4.2950852739E-005 1.6596603917E-004 1.5648545405E-020 -3.3900316534E-020 -3.7502245065E-021 4.9726024498E-021 -1.5210982738E-004 -5.0621643790E-005 4.4674867904E-020 -4.7404578065E-020 5.0621643790E-005 -1.5210982738E-004
130.00 1.9789983535E-004 -5.1622889649E-005 1.2318166593E-022 -2.9276248519E-020 -5.1622889649E-005 1.9789983535E-004 -4.6047427486E-021 -1.3761551925E-020 1.0482239644E-020 -1.0678171373E-020 -1.8360688018E-004 -5.2800905742E-005 3.2410027799E-020 -1.9993348196E-020 5.2800905742E-005 -1.8360688018E-004
131.00 2.3210039894E-004 -6.0428393295E-005 -3.0184258672E-021 -6.0428103958E-021 -6.0428393295E-005 2.3210039894E-004 1.3430834304E-021 -1.9695898801E-020 5.5004433463E-021 -4.8090433254E-021 -2.1733878588E-004 -5.4615534608E-005 1.0547222666E-020 -2.1505295528E-020 5.4615534608E-005 -2.1733878588E-004
132.00 2.6836120330E-004 -6.9197400970E-005 3.1123016597E-020 -3.2656150823E-020 -6.9197400970E-005 2.6836120330E-004 8.4498912497E-022 -1.7607051405E-020 -2.3342881090E-020 3.1365057177E-021 -2.5314845748E-004 -5.6083095623E-005 4.4602867705E-020 -2.8286465918E-020 5.6083095623E-005 -2.5314845748E-004
133.00 3.0648258893E-004 -7.7780640143E-005 -5.5753430572E-021 8.4241548814E-021 -7.7780640143E-005 3.0648258893E-004 1.9136295989E-020 -1.3288488269E-021 -8.8459221783E-022 1.8138095286E-020 -2.9087366367E-004 -5.7221159728E-005 -8.3468563705E-021 -2.7156659939E-021 5.7221159728E-005 -2.9087366367E-004
134.00 3.4627149268E-004 -8.6048409187E-005 4.4145274606E-021 -2.6165848069E-020 -8.6048409187E-005 3.4627149268E-004 3.5267578731E-020 -2.6236562489E-020 -7.5601065897E-021 3.1126346520E-020 -3.3034850340E-004 -5.8047258550E-005 3.5589521592E-020 -3.9786171895E-020 5.8047258550E-005 -3.3034850340E-004
135.00 3.8754122296E-004 -9.3889449865E-005 3.0485003118E-021 -1.2193344174E-020 -9.3889449865E-005 3.8754122296E-004 9.2035177869E-021 1.8383739595E-020 -4.1310593181E-021 1.2599927490E-020 -3.7140475220E-004 -5.8578842091E-005 8.7273438711E-021 1.4112747225E-020 5.8578842091E-005 -3.7140475220E-004
136.00 4.3011127511E-004 -1.0120981875E-004 1.1042248951E-020 -2.0201208894E-020 -1.0120981875E-004 4.3011127511E-004 1.8627443018E-020 -6.6151509561E-022 -1.2765421048E-020 2.0837547687E-020 -4.1387308627E-004 -5.8833239101E-005 2.2970207349E-020 -8.5896530489E-021 5.8833239101E-005 -4.1387308627E-004
137.00 4.7380718162E-004 -1.0793176411E-004 4.9960487899E-021 1.4877202466E-020 -1.0793176411E-004 4.7380718162E-004 1.3038003783E-020 1.2825854733E-020 -1.0445226301E-020 1.6563426881E-020 -4.5758418981E-004 -5.8827620070E-005 -1.7087073523E-020 1.4660291933E-020 5.8827620070E-005 -4.5758418981E-004
138.00 5.1846039207E-004 -1.1399261406E-004 2.4113670198E-020 -3.3212410786E-021 -1.1399261406E-004 5.1846039207E-004 3.6269474967E-020 2.6913238017E-020 -3.2979912072E-020 4.5435877925E-020 -5.0236975148E-004 -5.8578962813E-005 1.1663732512E-021 2.1723569833E-020 5.8578962813E-005 -5.0236975148E-004
139.00 5.6390817804E-004 -1.1934368136E-004 -1.1617403435E-020 -3.9913848312E-020 -1.1934368136E-004 5.6390817804E-004 1.6470445218E-021 -2.6037598096E-020 1.6365652720E-020 -4.5456720281E-021 -5.4806335563E-004 -5.8104020575E-005 4.5002567341E-020 -3.4999892038E-020 5.8104020575E-005 -5.4806335563E-004
140.00 6.0999355843E-004 -1.2394918942E-004 5.4620828717E-020 -2.5957401207E-020 -1.2394918942E-004 6.0999355843E-004 5.6845852067E-020 -1.9195641992E-020 -6.4337044821E-020 6.6668336535E-020 -5.9450127385E-004 -5.7419292598E-005 3.6849911615E-020 -3.1546888714E-020 5.7419292598E-005 -5.9450127385E-004
141.00 6.5656524105E-004 -1.2778522373E-004 -5.7960464962E-020 1.9601301040E-020 -1.2778522373E-004 6.5656524105E-004 -3.5144725860E-020 2.0735073241E-020 6.3693121399E-020 -4.4950313976E-020 -6.4152316248E-004 -5.6540997075E-005 -2.9804756280E-020 2.9087368410E-020 5.6540997075E-005 -6.4152316248E-004
142.00 7.0347757664E-004 -1.3083871223E-004 -3.3129093357E-020 5.5164139932E-020 -1.3083871223E-004 7.0347757664E-004 -2.9728747567E-020 9.6678058749E-020 3.3241962131E-020 -2.7673154356E-020 -6.8897267133E-004 -5.5485046440E-005 -7.7362139625E-020 1.1141791389E-019 5.5485046440E-005 -6.8897267133E-004
143.00 7.5059052164E-004 -1.3310643782E-004 -2.2802921197E-020 -2.0371356085E-020 -1.3310643782E-004 7.5059052164E-004 1.3399486905E-020 -4.8071791277E-021 2.2283886905E-020 8.8521963433E-021 -7.3669796891E-004 -5.4267024897E-005 1.9982589413E-020 -9.2305997537E-021 5.4267024897E-005 -7.3669796891E-004
144.00 7.9776960654E-004 -1.3459408555E-004 2.6064482313E-020 8.9317630550E-021 -1.3459408555E-004 7.9776960654E-004 2.4923220526E-020 2.8774434881E-020 -3.1580985677E-020 3.1746522934E-020 -7.8455218938E-004 -5.2902168122E-005 -1.1889145630E-020 2.8650830989E-020 5.2902168122E-005 -7.8455218938E-004
145.00 8.4488590682E-004 -1.3531532684E-004 -5.1464306487E-020 -4.2820585105E-021 -1.3531532684E-004 8.4488590682E-004 -1.6028818354E-020 -1.6639700241E-021 5.4917995235E-020 -2.4688626448E-020 -8.3239380606E-004 -5.1405345064E-005 1.2253010926E-021 -8.6036873738E-022 5.1405345064E-005 -8.3239380606E-004
146.00 8.9181601371E-004 -1.3529094243E-004 2.1211465672E-020 -1.1277696736E-020 -1.3529094243E-004 8.9181601371E-004 2.1398369514E-020 9.2718413882E-021 -2.4140437945E-020 2.5296767900E-020 -8.8008693625E-004 -4.9791041752E-005 1.1368435923E-020 6.2305821779E-021 4.9791041752E-005 -8.8008693625E-004
147.00 9.3844200257E-004 -1.3454798545E-004 -3.4282179269E-020 -4.8153630813E-021 -1.3454798545E-004 9.3844200257E-004 -1.7109904082E-020 1.1370344634E-021 3.7312347195E-020 -2.2201801652E-020 -9.2750158226E-004 -4.8073347041E-005 2.7732824506E-021 1.6026478457E-021 4.8073347041E-005 -9.2750158226E-004
148.00 9.8465139669E-004 -1.3311898586E-004 2.2025640540E-020 4.8830450308E-021 -1.3311898586E-004 9.8465139669E-004 1.1786614312E-020 -1.5272457116E-020 -2.3946043008E-020 1.4185017026E-020 -9.7451381282E-004 -4.6265940195E-005 -1.7107576015E-021 -1.5437752835E-020 4.6265940195E-005 -9.7451381282E-004
149.00 1.0303371247E-003 -1.3104119680E-004 5.3801998731E-021 -2.4314172194E-020 -1.3104119680E-004 1.0303371247E-003 4.1209517356E-020 -3.6831270072E-020 -9.4285441299E-021 4.0448934862E-020 -1.0210058894E-003 -4.4382080249E-005 2.9673351244E-020 -4.2046761381E-020 4.4382080249E-005 -1.0210058894E-003
150.00 1.0753974704E-003 -1.2835588339E-004 -4.1975545333E-020 -4.4188505324E-020 -1.2835588339E-004 1.0753974704E-003 -1.7148411602E-020 -3.6251494674E-020 4.6246309492E-020 -2.3962643899E-020 -1.0668663419E-003 -4.2434597035E-005 4.7063867317E-020 -4.0904632056E-020 4.2434597035E-005 -1.0668663419E-003
151.00 1.1197360128E-003 -1.2510765409E-004 8.8890381670E-021 9.1145815469E-021 -1.2510765409E-004 1.1197360128E-003 2.0733155556E-020 3.5058250533E-020 -1.1745248150E-020 2.3168044136E-020 -1.1119899966E-003 -4.0435883815E-005 -1.2695304125E-020 3.5485453432E-020 4.0435883815E-005 -1.1119899966E-003
152.00 1.1632615572E-003 -1.2134383454E-004 -4.3910080251E-020 -7.5610890928E-021 -1.2134383454E-004 1.1632615572E-003 -2.0533439999E-020 3.9890073102E-020 4.6392564896E-020 -2.3932812886E-020 -1.1562779624E-003 -3.8397891417E-005 1.8799399827E-021 4.0132276210E-020 3.8397891417E-005 -1.1562779624E-003
153.00 1.2058880548E-003 -1.1711388346E-004 1.4864645220E-020 6.7453273702E-021 -1.1711388346E-004 1.2058880548E-003 7.3651296265E-020 3.7734861305E-020 -2.2428606273E-020 7.6584680517E-020 -1.1996375769E-003 -3.6332123791E-005 -9.7850443981E-021 3.6270542644E-020 3.6332123791E-005 -1.1996375769E-003
154.00 1.2475345112E-003 -1.1246884999E-004 -1.4408573061E-020 -7.2561103785E-021 -1.1246884999E-004 1.2475345112E-003 -2.3247814064E-021 -1.8191307128E-020 1.4918584221E-020 -4.1588100293E-021 -1.2419823175E-003 -3.4249634902E-005 8.5244751836E-021 -1.8815028026E-020 3.4249634902E-005 -1.2419823175E-003
155.00 1.2881248837E-003 -1.0746087177E-004 -3.8425404807E-020 -2.0751065040E-020 -1.0746087177E-004 1.2881248837E-003 -5.7960958159E-021 -1.2754978542E-021 3.9557194116E-020 -9.1059537836E-021 -1.2832316803E-003 -3.2161026870E-005 1.9945602779E-020 -2.7898868888E-021 3.2161026870E-005 -1.2832316803E-003
156.00 1.3275879676E-003 -1.0214271272E-004 -2.7173874498E-021 -7.3869724960E-021 -1.0214271272E-004 1.3275879676E-003 -1.5897729162E-021 7.7777538312E-021 3.0021197462E-021 -1.6394254290E-021 -1.3233110311E-003 -3.0076449262E-005 6.7422711783E-021 7.2699727132E-021 3.0076449262E-005 -1.3233110311E-003
157.00 1.3658572707E-003 -9.6567339228E-005 -1.8159055835E-020 8.1772621472E-021 -9.6567339228E-005 1.3658572707E-003 -1.3437271936E-020 1.9536521617E-020 1.8956001991E-020 -1.4340442654E-020 -1.3621514304E-003 -2.8005599465E-005 -9.9742486515E-021 2.0464221975E-020 2.8005599465E-005 -1.3621514304E-003
158.00 1.4028708783E-003 -9.0787533664E-005 2.6537575804E-021 -4.9908504713E-020 -9.0787533664E-005 1.4028708783E-003 3.3331074068E-020 -4.0063744475E-020 -3.8445413232E-021 3.2762976142E-020 -1.3996894375E-003 -2.5957724021E-005 5.2691882898E-020 -4.3999605265E-020 2.5957724021E-005 -1.3996894375E-003
159.00 1.4385713072E-003 -8.4855543516E-005 -1.4585822884E-020 -1.8375033787E-020 -8.4855543516E-005 1.4385713072E-003 -5.1862239779E-021 -3.6050639166E-021 1.5226066813E-020 -6.1345965449E-021 -1.4358668954E-003 -2.3941620866E-005 1.8368812177E-020 -4.5954766604E-021 2.3941620866E-005 -1.4358668954E-003
160.00 1.4729053513E-003 -7.8822764715E-005 -1.3511651599E-020 -1.6434812189E-020 -7.8822764715E-005 1.4729053513E-003 -7.6127354243E-021 -4.6937776790E-021 1.4187023220E-020 -8.4301986215E-021 -1.4706307002E-003 -2.1965642358E-005 1.6499908695E-020 -5.4559944021E-021 2.1965642358E-005 -1.4706307002E-003
161.00 1.5058239196E-003 -7.2739457395E-005 -2.7270442631E-020 -1.9801991078E-020 -7.2739457395E-005 1.5058239196E-003 2.7650902630E-020 -2.6799100833E-021 2.6228605257E-020 2.6313527404E-020 -1.5039325580E-003 -2.0037699012E-005 1.9607053503E-020 -3.9916160486E-021 2.0037699012E-005 -1.5039325580E-003
162.00 1.5372818662E-003 -6.6654492317E-005 -3.0910451471E-020 7.7552670605E-021 -6.6654492317E-005 1.5372818662E-003 -2.6076538664E-020 3.3537230801E-020 3.1959985190E-020 -2.7039643483E-020 -1.5357287319E-003 -1.8165263852E-005 -9.5967469839E-021 3.4227582846E-020 1.8165263852E-005 -1.5357287319E-003
163.00 1.5672378158E-003 -6.0615126115E-005 3.6218065905E-021 1.5249504769E-020 -6.0615126115E-005 1.5672378158E-003 1.6411808205E-021 2.9716561743E-020 -3.8592311758E-021 2.0992406608E-021 -1.5659797825E-003 -1.6355377292E-005 -1.6371702105E-020 3.0308779609E-020 1.6355377292E-005 -1.5659797825E-003
164.00 1.5956539843E-003 -5.4666803451E-005 -1.2045102293E-020 1.6067325351E-020 -5.4666803451E-005 1.5956539843E-003 -9.9019276627E-022 2.5458791644E-020 1.1930281430E-020 -1.1651211179E-021 -1.5946503034E-003 -1.4614652436E-005 -1.7059539218E-020 2.6036303628E-020 1.4614652436E-005 -1.5946503034E-003
165.00 1.6224959974E-003 -4.8852984149E-005 -6.1199832195E-022 2.0601143027E-022 -4.8852984149E-005 1.6224959974E-003 1.5270691530E-020 1.3843932364E-020 1.4728994797E-022 1.5369335940E-020 -1.6217086556E-003 -1.2949280736E-005 -6.2432757248E-022 1.3734136029E-020 1.2949280736E-005 -1.6217086556E-003
166.00 1.6477327078E-003 -4.3214993341E-005 -7.1590437515E-021 1.8559085173E-021 -4.3214993341E-005 1.6477327078E-003 -1.7170538517E-021 1.5788015429E-020 7.1907165451E-021 -1.7961169370E-021 -1.6471267032E-003 -1.1365037892E-005 -2.3204304239E-021 1.5854909870E-020 1.1365037892E-005 -1.6471267032E-003
167.00 1.6713360121E-003 -3.7791892671E-005 -6.7687454974E-021 -7.8115581791E-021 -3.7791892671E-005 1.6713360121E-003 2.2090156462E-021 9.6115049331E-021 6.7652547959E-021 2.1121825706E-021 -1.6708795512E-003 -9.8672899244E-006 7.5563476688E-021 9.4249757425E-021 9.8672899244E-006 -1.6708795512E-003
168.00 1.6932806714E-003 -3.2620370613E-005 -1.6854588028E-020 -3.5028128562E-020 -3.2620370613E-005 1.6932806714E-003 -1.2716504525E-020 -2.7985286369E-020 1.7280315436E-020 -1.3186721258E-020 -1.6929452900E-003 -8.4609993196E-006 3.5487936367E-020 -2.8599862307E-020 8.4609993196E-006 -1.6929452900E-003
169.00 1.7135441341E-003 -2.7734649988E-005 -2.9721456254E-020 6.7862487509E-021 -2.7734649988E-005 1.7135441341E-003 1.2274389738E-020 2.7603218005E-020 2.9496207422E-020 1.1910452727E-020 -1.7133047469E-003 -7.1507311725E-006 -7.3571393544E-021 2.7667219255E-020 7.1507311725E-006 -1.7133047469E-003
170.00 1.7321063650E-003 -2.3166410831E-005 -3.0041778041E-020 -1.0368548274E-020 -2.3166410831E-005 1.7321063650E-003 4.4013816588E-021 1.7092894987E-020 3.0020200018E-020 4.0580748167E-021 -1.7319412477E-003 -5.9406592417E-006 1.0037931528E-020 1.6941915641E-020 5.9406592417E-006 -1.7319412477E-003
171.00 1.7489496809E-003 -1.8944726783E-005 -1.9159155770E-020 -4.4486491601E-021 -1.8944726783E-005 1.7489496809E-003 2.0725766676E-020 1.4364187195E-020 1.8947560177E-020 2.0558936955E-020 -1.7488403902E-003 -4.8345718400E-006 4.2409442437E-021 1.4260059780E-020 4.8345718400E-006 -1.7488403902E-003
172.00 1.7640585947E-003 -1.5096013335E-005 -1.9620745838E-020 -1.3144249546E-020 -1.5096013335E-005 1.7640585947E-003 6.9514918233E-021 6.1053304452E-021 1.9590398305E-020 6.7968509121E-021 -1.7639898305E-003 -3.8358774839E-006 1.3049913026E-020 5.9783014672E-021 3.8358774839E-006 -1.7639898305E-003
173.00 1.7774196701E-003 -1.1643986256E-005 -2.2067169320E-020 3.7105664579E-021 -1.1643986256E-005 1.7774196701E-003 -2.1870854708E-021 1.2608486991E-020 2.2075649808E-020 -2.3107450088E-021 -1.7773790853E-003 -2.9476102348E-006 -3.8298623666E-021 1.2636915745E-020 2.9476102348E-006 -1.7773790853E-003
174.00 1.7890213862E-003 -8.6096287324E-006 -1.9465308099E-020 -3.0637606752E-021 -8.6096287324E-006 1.7890213862E-003 -2.9982042926E-021 5.1617363298E-021 1.9483638402E-020 -3.0856640016E-021 -1.7889993502E-003 -2.1724346637E-006 3.0152978002E-021 5.1508024551E-021 2.1724346637E-006 -1.7889993502E-003
175.00 1.7988540163E-003 -6.0111658042E-006 -2.1552970098E-020 -1.2157267016E-020 -6.0111658042E-006 1.7988540163E-003 -1.3019638308E-021 -3.7218161545E-021 2.1567667143E-020 -1.3771576620E-021 -1.7988433366E-003 -1.5126503819E-006 1.2151640038E-020 -3.7613059399E-021 1.5126503819E-006 -1.7988433366E-003
176.00 1.8069095196E-003 -3.8640448565E-006 -1.9687065492E-020 3.2508498789E-021 -3.8640448565E-006 1.8069095196E-003 4.3084840690E-021 1.3778893285E-020 1.9676132701E-020 4.2737949196E-021 -1.8069051275E-003 -9.7019608072E-007 -3.2908886421E-021 1.3783583918E-020 9.7019608072E-007 -1.8069051275E-003
177.00 1.8131814477E-003 -2.1809210476E-006 -1.5547251562E-020 1.0106953528E-021 -2.1809210476E-006 1.8131814477E-003 4.3050618850E-021 9.7898608981E-021 1.5541775644E-020 4.2893162299E-021 -1.8131800537E-003 -5.4665303477E-007 -1.0271571936E-021 9.7897909251E-021 5.4665303477E-007 -1.8131800537E-003
178.00 1.8176648671E-003 -9.7164672171E-007 -2.1890313896E-020 -2.9700699149E-021 -9.7164672171E-007 1.8176648671E-003 1.9533430724E-021 7.3968028097E-021 2.1889669592E-020 1.9426313579E-021 -1.8176645912E-003 -2.4324802561E-007 2.9631869737E-021 7.3949562872E-021 2.4324802561E-007 -1.8176645912E-003
179.00 1.8203562983E-003 -2.4326401059E-007 -2.2850821519E-020 -5.7436114955E-022 -2.4326401059E-007 1.8203562983E-003 4.9686864325E-021 1.0975830034E-020 2.2850176870E-020 4.9659997221E-021 -1.8203562810E-003 -6.0855652066E-008 5.7213050000E-022 1.0975587367E-020 6.0855652066E-008 -1.8203562810E-003
180.00 1.8212536710E-003 5.6378512969E-018 -2.3255011670E-020 -3.4156172391E-022 5.6378512969E-018 1.8212536710E-003 1.8101757895E-021 8.4672570520E-021 2.3255011670E-020 1.8101757895E-021 -1.8212536710E-003 -4.4994390158E-018 3.4156172391E-022 8.4672570520E-021 4.4994390158E-018 -1.8212536710E-003
