theta s11 s12 s13 s14 s21 s22 s23 s24 s31 s32 s33 s34 s41 s42 s43 s44
0.00 1.4154797797E+02 0.0000000000E+00 0.0000000000E+00 2.1937217180E-11 0.0000000000E+00 1.4154797797E+02 6.7085845241E-12 7.4389583362E-28 0.0000000000E+00 -6.7085845241E-12 1.4154797797E+02 0.0000000000E+00 2.1937217180E-11 0.0000000000E+00 0.0000000000E+00 1.4154797797E+02
1.00 1.4140075342E+02 -5.8903788381E-03 -5.6879364524E-13 2.2997221982E-11 -5.8903788381E-03 1.4140075342E+02 7.2684113045E-12 -1.0687265670E-12 -5.6687239220E-13 -7.2683124522E-12 1.4140075294E+02 9.9513430529E-03 2.2997217433E-11 1.0682800887E-12 -9.9513430529E-03 1.4140075294E+02
2.00 1.4095992078E+02 -2.3466973151E-02 -1.1351715389E-12 2.4030498089E-11 -2.3466973151E-02 1.4095992078E+02 7.8099963071E-12 -2.1314507582E-12 -1.1271022577E-12 -7.8092078415E-12 1.4095991323E+02 3.9706967193E-02 2.4030462025E-11 2.1296500547E-12 -3.9706967193E-02 1.4095991323E+02
3.00 1.4022799591E+02 -5.2447619488E-02 -1.6972935516E-12 2.5034411884E-11 -5.2447619488E-02 1.4022799591E+02 8.3297315171E-12 -3.1849004786E-12 -1.6782946343E-12 -8.3270807720E-12 1.4022795788E+02 8.8972730299E-02 2.5034292323E-11 3.1808214699E-12 -8.8972730299E-02 1.4022795788E+02
4.00 1.3920914789E+02 -9.2366898455E-02 -2.2517165078E-12 2.6005898700E-11 -9.2366898455E-02 1.3920914789E+02 8.8257860053E-12 -4.2264101643E-12 -2.2164843367E-12 -8.8195332715E-12 1.3920902842E+02 1.5726195864E-01 2.6005620667E-11 4.2191218282E-12 -1.5726195864E-01 1.3920902842E+02
5.00 1.3790916324E+02 -1.4258333017E-01 -2.7950895118E-12 2.6942447816E-11 -1.4258333017E-01 1.3790916324E+02 9.2954832557E-12 -5.2528053836E-12 -2.7378363043E-12 -9.2833432144E-12 1.3790887386E+02 2.4390074500E-01 2.6941915541E-11 5.2413789287E-12 -2.4390074500E-01 1.3790887386E+02
6.00 1.3633539645E+02 -2.0228928124E-01 -3.3265931537E-12 2.7841207104E-11 -2.0228928124E-01 1.3633539645E+02 9.7354932702E-12 -6.2613274893E-12 -3.2410917312E-12 -9.7146579854E-12 1.3633480214E+02 3.4803527367E-01 2.7840311962E-11 6.2448444420E-12 -3.4803527367E-01 1.3633480214E+02
7.00 1.3449670722E+02 -2.7052342021E-01 -3.8422874521E-12 2.8698989942E-11 -2.7052342021E-01 1.3449670722E+02 1.0144103744E-11 -7.2492122404E-12 -3.7219198571E-12 -1.0111276269E-11 1.3449561869E+02 4.6864108134E-01 2.8697609992E-11 7.2267780639E-12 -4.6864108134E-01 1.3449561869E+02
8.00 1.3240338531E+02 -3.4618551688E-01 -4.3390959999E-12 2.9513995193E-11 -3.4618551688E-01 1.3240338531E+02 1.0520536391E-11 -8.2142736652E-12 -4.1768991472E-12 -1.0471964584E-11 1.3240155262E+02 6.0453413931E-01 2.9511997525E-11 8.1850322909E-12 -6.0453413931E-01 1.3240155262E+02
9.00 1.3006706355E+02 -4.2805334294E-01 -4.8162848848E-12 3.0284052370E-11 -4.2805334294E-01 1.3006706355E+02 1.0860547808E-11 -9.1526984569E-12 -4.6050146268E-12 -1.0792065848E-11 1.3006417145E+02 7.5438362023E-01 3.0281312867E-11 9.1158292590E-12 -7.5438362023E-01 1.3006417145E+02
10.00 1.2750062022E+02 -5.1480139792E-01 -5.2701350114E-12 3.1006665177E-11 -5.1480139792E-01 1.2750062022E+02 1.1164028930E-11 -1.0062573523E-11 -5.0023175933E-12 -1.1071102161E-11 1.2749628524E+02 9.1672619222E-01 3.1003056774E-11 1.0017321348E-11 -9.1672619222E-01 1.2749628524E+02
11.00 1.2471807171E+02 -6.0502115551E-01 -5.7003134111E-12 3.1679509664E-11 -6.0502115551E-01 1.2471807171E+02 1.1427519882E-11 -1.0941747174E-11 -5.3683203430E-12 -1.1305280563E-11 1.2471184106E+02 1.0899816654E+00 3.1674929235E-11 1.0887413514E-11 -1.0899816654E+00 1.2471184106E+02
12.00 1.2173445660E+02 -6.9724250220E-01 -6.1016628716E-12 3.2301381011E-11 -6.9724250220E-01 1.2173445660E+02 1.1652668956E-11 -1.1787610028E-11 -5.6977444380E-12 -1.1495993069E-11 1.2172580908E+02 1.2724697998E+00 3.2295718380E-11 1.1723600117E-11 -1.2724697998E+00 1.2172580908E+02
13.00 1.1856571248E+02 -7.8995602255E-01 -6.4761771029E-12 3.2869987893E-11 -7.8995602255E-01 1.1856571248E+02 1.1834058130E-11 -1.2597396463E-11 -5.9925749702E-12 -1.1637588702E-11 1.1855406130E+02 1.4624280714E+00 3.2863200230E-11 1.2523169281E-11 -1.4624280714E+00 1.1855406130E+02
14.00 1.1522854680E+02 -8.8163577379E-01 -6.8182904577E-12 3.3382571391E-11 -8.8163577379E-01 1.1522854680E+02 1.1974668019E-11 -1.3371272664E-11 -6.2472707279E-12 -1.1732878683E-11 1.1521324426E+02 1.6580301812E+00 3.3374589751E-11 1.3286445718E-11 -1.6580301812E+00 1.1521324426E+02
15.00 1.1174030300E+02 -9.7076218713E-01 -7.1311604493E-12 3.3839594145E-11 -9.7076218713E-01 1.1174030300E+02 1.2068834241E-11 -1.4104747579E-11 -6.4651001016E-12 -1.1776088222E-11 1.1172064707E+02 1.8574050872E+00 3.3830474103E-11 1.4008973069E-11 -1.8574050872E+00 1.1172064707E+02
16.00 1.0811882343E+02 -1.0558447342E+00 -7.4072367578E-12 3.4239890940E-11 -1.0558447342E+00 1.0811882343E+02 1.2121992166E-11 -1.4796669053E-11 -6.6386227664E-12 -1.1772647626E-11 1.0809406601E+02 2.0586563330E+00 3.4229634587E-11 1.4689819103E-11 -2.0586563330E+00 1.0809406601E+02
17.00 1.0438231039E+02 -1.1354440036E+00 -7.6507162924E-12 3.4581779894E-11 -1.1354440036E+00 1.0438231039E+02 1.2128768877E-11 -1.5445084056E-11 -6.7723170902E-12 -1.1717154007E-11 1.0435166710E+02 2.2598814458E+00 3.4570541984E-11 1.5327088746E-11 -2.2598814458E+00 1.0435166710E+02
18.00 1.0054918671E+02 -1.2081928468E+00 -7.8585808617E-12 3.4862494846E-11 -1.2081928468E+00 1.0054918671E+02 1.2089976745E-11 -1.6050674361E-11 -6.8634993441E-12 -1.1610454903E-11 1.0051184804E+02 2.4591911788E+00 3.4850437225E-11 1.5921645017E-11 -2.4591911788E+00 1.0051184804E+02
19.00 9.6637957194E+01 -1.2728162688E+00 -8.0301176009E-12 3.5084538449E-11 -1.2728162688E+00 9.6637957194E+01 1.2006055883E-11 -1.6609097852E-11 -6.9117380139E-12 -1.1453182399E-11 9.6593100823E+01 2.6547283778E+00 3.5071931152E-11 1.6469273589E-11 -2.6547283778E+00 9.6593100823E+01
20.00 9.2667072391E+01 -1.3281497660E+00 -8.1629308047E-12 3.5244411828E-11 -1.3281497660E+00 9.2667072391E+01 1.1879075388E-11 -1.7121980900E-11 -6.9151095498E-12 -1.1247536226E-11 9.2613876303E+01 2.8446862570E+00 3.5231515565E-11 1.6971859517E-11 -2.8446862570E+00 9.2613876303E+01
21.00 8.8654795831E+01 -1.3731558410E+00 -8.2589629064E-12 3.5344832375E-11 -1.3731558410E+00 8.8654795831E+01 1.1706114633E-11 -1.7585075228E-11 -6.8759871099E-12 -1.0990898295E-11 8.8592452076E+01 3.0273258844E+00 3.5332103690E-11 1.7425190134E-11 -3.0273258844E+00 8.8592452076E+01
22.00 8.4619076071E+01 -1.4069384559E+00 -8.3174040131E-12 3.5382397629E-11 -1.4069384559E+00 8.4619076071E+01 1.1489428610E-11 -1.8000993717E-11 -6.7941773410E-12 -1.0685704473E-11 8.4546804819E+01 3.2009926820E+00 3.5370320908E-11 1.7832151858E-11 -3.2009926820E+00 8.4546804819E+01
23.00 8.0577424641E+01 -1.4287552242E+00 -8.3381920403E-12 3.5358236471E-11 -1.4287552242E+00 8.0577424641E+01 1.1229116869E-11 -1.8367757402E-11 -6.6701837034E-12 -1.0332427519E-11 8.0494488244E+01 3.3641317705E+00 3.5347413770E-11 1.8190909743E-11 -3.3641317705E+00 8.0494488244E+01
24.00 7.6546800954E+01 -1.4380271803E+00 -8.3206825630E-12 3.5275023838E-11 -1.4380271803E+00 7.6546800954E+01 1.0926883023E-11 -1.8682496806E-11 -6.5038701159E-12 -9.9332741300E-12 7.6452517722E+01 3.5153019963E+00 3.5266168311E-11 1.8498767886E-11 -3.5153019963E+00 7.6452517722E+01
25.00 7.2543505147E+01 -1.4343460064E+00 -8.2648797479E-12 3.5129838971E-11 -1.4343460064E+00 7.2543505147E+01 1.0584231588E-11 -1.8947765799E-11 -6.2960468783E-12 -9.4900610471E-12 7.2437262540E+01 3.6531885040E+00 3.5123699583E-11 1.8758549617E-11 -3.6531885040E+00 7.2437262540E+01
26.00 6.8583079670E+01 -1.4174786400E+00 -8.1730900461E-12 3.4924609362E-11 -1.4174786400E+00 6.8583079670E+01 1.0201215600E-11 -1.9162179077E-11 -6.0496916225E-12 -9.0033300712E-12 6.8464346634E+01 3.7766137348E+00 3.4922156609E-11 1.8968974807E-11 -3.7766137348E+00 6.8464346634E+01
27.00 6.4680220385E+01 -1.3873692294E+00 -8.0445599845E-12 3.4659773920E-11 -1.3873692294E+00 6.4680220385E+01 9.7801309079E-12 -1.9326512057E-11 -5.7647930786E-12 -8.4758634580E-12 6.4548558560E+01 3.8845467545E+00 3.4662004322E-11 1.9131055297E-11 -3.8845467545E+00 6.4548558560E+01
28.00 6.0848697732E+01 -1.3441384467E+00 -7.8795586431E-12 3.4335103182E-11 -1.3441384467E+00 6.0848697732E+01 9.3234189110E-12 -1.9441367976E-11 -5.4424467366E-12 -7.9106089612E-12 6.0703771301E+01 3.9761108348E+00 3.4343075426E-11 1.9245661747E-11 -3.9761108348E+00 6.0703771301E+01
29.00 5.7101288476E+01 -1.2880802115E+00 -7.6803751950E-12 3.3955555202E-11 -1.2880802115E+00 5.7101288476E+01 8.8319610655E-12 -1.9503200935E-11 -5.0854846437E-12 -7.3092442490E-12 5.6942872441E+01 4.0505892380E+00 3.3970598816E-11 1.9309302869E-11 -4.0505892380E+00 5.6942872441E+01
30.00 5.3449718354E+01 -1.2196559181E+00 -7.4479266783E-12 3.3517794224E-11 -1.2196559181E+00 5.3449718354E+01 8.3077124524E-12 -1.9517449935E-11 -4.6959373075E-12 -6.6739712344E-12 5.3277705067E+01 4.1074291761E+00 3.3541240478E-11 1.9327688548E-11 -4.1074291761E+00 5.3277705067E+01
31.00 4.9904615840E+01 -1.1394862989E+00 -7.1815701032E-12 3.3027114205E-11 -1.1394862989E+00 4.9904615840E+01 7.7552139778E-12 -1.9480853616E-11 -4.2736236861E-12 -6.0102562496E-12 4.9719019643E+01 4.1462439387E+00 3.3060321362E-11 1.9297857585E-11 -4.1462439387E+00 4.9719019643E+01
32.00 4.6475477122E+01 -1.0483410895E+00 -6.8881102214E-12 3.2483001725E-11 -1.0483410895E+00 4.6475477122E+01 7.1711932731E-12 -1.9395780415E-11 -3.8264144396E-12 -5.3152179945E-12 4.6276437010E+01 4.1668132076E+00 3.2527862156E-11 1.9221929378E-11 -4.1668132076E+00 4.6276437010E+01
33.00 4.3170642248E+01 -9.4712669709E-01 -6.5643825293E-12 3.1885715576E-11 -9.4712669709E-01 4.3170642248E+01 6.5629699286E-12 -1.9264688304E-11 -3.3519926898E-12 -4.5967353115E-12 4.2958422478E+01 4.1690815977E+00 3.1943804526E-11 1.9102966813E-11 -4.1690815977E+00 4.2958422478E+01
34.00 3.9997282273E+01 -8.3687209665E-01 -6.2115209178E-12 3.1241032327E-11 -8.3687209665E-01 3.9997282273E+01 5.9334942042E-12 -1.9084884105E-11 -2.8518975350E-12 -3.8587465362E-12 3.9772270917E+01 4.1531554836E+00 3.1314006635E-11 1.8938438903E-11 -4.1531554836E+00 3.9772270917E+01
35.00 3.6961397142E+01 -7.1871320733E-01 -5.8352081747E-12 3.0547921628E-11 -7.1871320733E-01 3.6961397142E+01 5.2819006550E-12 -1.8860954046E-11 -2.3329297812E-12 -3.1005987089E-12 3.6724102609E+01 4.1192981930E+00 3.0637869951E-11 1.8732773847E-11 -4.1192981930E+00 3.6724102609E+01
36.00 3.4067823920E+01 -5.9387601726E-01 -5.4343497182E-12 2.9808694263E-11 -5.9387601726E-01 3.4067823920E+01 4.6137523880E-12 -1.8593371886E-11 -1.7946900167E-12 -2.3285798737E-12 3.3818869511E+01 4.0679236637E+00 2.9917494772E-11 1.8486884544E-11 -4.0679236637E+00 3.3818869511E+01
37.00 3.1320254894E+01 -4.6365874040E-01 -5.0127155295E-12 2.9026592129E-11 -4.6365874040E-01 3.1320254894E+01 3.9300250628E-12 -1.8282932320E-11 -1.2415717834E-12 -1.5443093890E-12 3.1060371498E+01 3.9995886796E+00 2.9156412354E-11 1.8201465160E-11 -3.9995886796E+00 3.1060371498E+01
38.00 2.8721264964E+01 -3.2941329716E-01 -4.5715874266E-12 2.8205027786E-11 -3.2941329716E-01 2.8721264964E+01 3.2347485323E-12 -1.7930177908E-11 -6.7536716146E-13 -7.5254037879E-13 2.8451282041E+01 3.9149838137E+00 2.8358008180E-11 1.7877312594E-11 -3.9149838137E+00 2.8451282041E+01
39.00 2.6272347688E+01 -1.9252641447E-01 -4.1136077221E-12 2.7344301123E-11 -1.9252641447E-01 2.6272347688E+01 2.5303614926E-12 -1.7538883621E-11 -9.9641762815E-14 4.4020787052E-14 2.5993182711E+01 3.8149232186E+00 2.7522693993E-11 1.7518255361E-11 -3.8149232186E+00 2.5993182711E+01
40.00 2.3973959247E+01 -5.4400639746E-02 -3.6402923533E-12 2.6448262951E-11 -5.4400639746E-02 2.3973959247E+01 1.8201667984E-12 -1.7109538873E-11 4.8366853732E-13 8.4137596480E-13 2.3686605818E+01 3.7003334173E+00 2.6654265212E-11 1.7124919322E-11 -3.7003334173E+00 2.3686605818E+01
41.00 2.1825569567E+01 8.3564443214E-02 -3.1548182568E-12 2.5517797642E-11 8.3564443214E-02 2.1825569567E+01 1.1066247799E-12 -1.6645793618E-11 1.0705724970E-12 1.6368608727E-12 2.1531084421E+01 3.5722412506E+00 2.5753794376E-11 1.6700925889E-11 -3.5722412506E+00 2.1531084421E+01
42.00 1.9825719761E+01 2.1999051874E-01 -2.6591629362E-12 2.4558540453E-11 2.1999051874E-01 1.9825719761E+01 3.9300889629E-13 -1.6146692402E-11 1.6590618015E-12 2.4262921741E-12 1.9525208927E+01 3.4317611475E+00 2.4826846053E-11 1.6245459429E-11 -3.4317611475E+00 1.9525208927E+01
43.00 1.7972085055E+01 3.5353810200E-01 -2.1573305904E-12 2.3570571587E-11 3.5353810200E-01 1.7972085055E+01 -3.1952384807E-13 -1.5617232325E-11 2.2443059261E-12 3.2085412971E-12 1.7666689414E+01 3.2800818856E+00 2.3873861533E-11 1.5763170908E-11 -3.2800818856E+00 1.7666689414E+01
44.00 1.6261542300E+01 4.8292311638E-01 -1.6485831462E-12 2.2558955021E-11 4.8292311638E-01 1.6261542300E+01 -1.0248897018E-12 -1.5057083359E-11 2.8269552052E-12 3.9768357512E-12 1.5952422828E+01 3.1184530083E+00 2.2899285703E-11 1.5254363931E-11 -3.1184530083E+00 1.5952422828E+01
45.00 1.4690241194E+01 6.0693226468E-01 -1.1376008984E-12 2.1524993778E-11 6.0693226468E-01 1.4690241194E+01 -1.7224740789E-12 -1.4470093147E-11 3.4018072227E-12 4.7304655957E-12 1.4378564147E+01 2.9481710678E+00 2.1904871993E-11 1.4722412314E-11 -2.9481710678E+00 1.4378564147E+01
46.00 1.3253678321E+01 7.2443699856E-01 -6.2672264364E-13 2.0472561565E-11 7.2443699856E-01 1.3253678321E+01 -2.4093425833E-12 -1.3857599767E-11 3.9664624142E-12 5.4660437127E-12 1.2940600640E+01 2.7705658558E+00 2.0894421022E-11 1.4168679004E-11 -2.7705658558E+00 1.2940600640E+01
47.00 1.1946773128E+01 8.3440591869E-01 -1.1852903673E-13 1.9403399970E-11 8.3440591869E-01 1.1946773128E+01 -3.0831550859E-12 -1.3223003002E-11 4.5179611822E-12 6.1811846919E-12 1.1633428314E+01 2.5869867797E+00 1.9869763000E-11 1.3596326153E-11 -2.5869867797E+00 1.1633428314E+01
48.00 1.0763944984E+01 9.3591546789E-01 3.8672030165E-13 1.8321201181E-11 9.3591546789E-01 1.0763944984E+01 -3.7392194697E-12 -1.2568157514E-11 5.0558861182E-12 6.8711272907E-12 1.0451429693E+01 2.3987895352E+00 1.8834086211E-11 1.3007566177E-11 -2.3987895352E+00 1.0451429693E+01
49.00 9.6991904973E+00 1.0281588106E+00 8.8466798751E-13 1.7230434787E-11 1.0281588106E+00 9.6991904973E+00 -4.3768236420E-12 -1.1893747784E-11 5.5762971881E-12 7.5345155220E-12 9.3885520708E+00 2.2073232152E+00 1.7792013021E-11 1.2402789793E-11 -2.2073232152E+00 9.3885520708E+00
50.00 8.7461602886E+00 1.1104528239E+00 1.3739723270E-12 1.6130233632E-11 1.1104528239E+00 8.7461602886E+00 -4.9928261114E-12 -1.1206145580E-11 6.0770012383E-12 8.1690559146E-12 8.4383854300E+00 2.0139179860E+00 1.6742885700E-11 1.1787894869E-11 -2.0139179860E+00 8.4383854300E+00
51.00 7.8982344935E+00 1.1822431581E+00 1.8510424175E-12 1.5027958044E-11 1.1822431581E+00 7.8982344935E+00 -5.5862084722E-12 -1.0503290920E-11 6.5555883332E-12 8.7725887914E-12 7.5942392548E+00 1.8198734487E+00 1.5693664009E-11 1.1160980180E-11 -1.8198734487E+00 7.5942392548E+00
52.00 7.1485962869E+00 1.2431073547E+00 2.3153577784E-12 1.3923969046E-11 1.2431073547E+00 7.1485962869E+00 -6.1533582715E-12 -9.7902150174E-12 7.0109539823E-12 9.3423000272E-12 6.8492175147E+00 1.6264477900E+00 1.4644617562E-11 1.0526825825E-11 -1.6264477900E+00 6.8492175147E+00
53.00 6.4903028043E+00 1.2927560439E+00 2.7645155599E-12 1.2821647407E-11 1.2927560439E+00 6.4903028043E+00 -6.6924934695E-12 -9.0687109026E-12 7.4410280776E-12 9.8763176465E-12 6.1962911528E+00 1.4348478148E+00 1.3598983649E-11 9.8870320449E-12 -1.4348478148E+00 6.1962911528E+00
54.00 5.9163528820E+00 1.3310322688E+00 3.1963859172E-12 1.1723291913E-11 1.3310322688E+00 5.9163528820E+00 -7.2019327491E-12 -8.3419500312E-12 7.8439032639E-12 1.0373200860E-11 5.6283674718E+00 1.2462199348E+00 1.2559113866E-11 9.2443697934E-12 -1.2462199348E+00 5.6283674718E+00
55.00 5.4197511123E+00 1.3579090152E+00 3.6096953024E-12 1.0632872338E-11 1.3579090152E+00 5.4197511123E+00 -7.6794115446E-12 -7.6108943399E-12 8.2187074131E-12 1.0830728485E-11 5.1383558768E+00 1.0616421756E+00 1.1528414676E-11 8.5998847057E-12 -1.0616421756E+00 5.1383558768E+00
56.00 4.9935677715E+00 1.3734850484E+00 4.0020384329E-12 9.5521548501E-12 1.3734850484E+00 4.9935677715E+00 -8.1239569773E-12 -6.8789875699E-12 8.5633911599E-12 1.1248186325E-11 4.7192294999E+00 8.8211724698E-01 1.0508835001E-11 7.9564287649E-12 -8.8211724698E-01 4.7192294999E+00
57.00 4.6309942526E+00 1.3779791834E+00 4.3719216514E-12 8.4839721824E-12 1.3779791834E+00 4.6309942526E+00 -8.5341311262E-12 -6.1483673055E-12 8.8769342915E-12 1.1624374105E-11 4.3640823043E+00 7.0856670711E-01 9.5029482906E-12 7.3158900326E-12 -7.0856670711E-01 4.3640823043E+00
58.00 4.3253937012E+00 1.3717231321E+00 4.7187941645E-12 7.4316079584E-12 1.3717231321E+00 4.3253937012E+00 -8.9077185610E-12 -5.4205052093E-12 9.1590614927E-12 1.1957539816E-11 4.0661813350E+00 5.4182623576E-01 8.5135019745E-12 6.6797362461E-12 -5.4182623576E-01 4.0661813350E+00
59.00 4.0703466241E+00 1.3551530913E+00 5.0404033220E-12 6.3966483968E-12 1.3551530913E+00 4.0703466241E+00 -9.2446519566E-12 -4.6985777224E-12 9.4082095296E-12 1.2247824571E-11 3.8190138551E+00 3.8264201731E-01 7.5422329300E-12 6.0504482030E-12 -3.8264201731E-01 3.8190138551E+00
60.00 3.8596913071E+00 1.3288002454E+00 5.3357442390E-12 5.3816535616E-12 1.3288002454E+00 3.8596913071E+00 -9.5436479713E-12 -3.9845585270E-12 9.6238321583E-12 1.2494320118E-11 3.6163291789E+00 2.3166822015E-01 6.5913987836E-12 5.4297522729E-12 -2.3166822015E-01 3.6163291789E+00
61.00 3.6875589469E+00 1.2932803705E+00 5.6040812351E-12 4.3892595603E-12 1.2932803705E+00 3.6875589469E+00 -9.8037715549E-12 -3.2801566734E-12 9.8057226094E-12 1.2696568681E-11 3.4521750805E+00 8.9465546019E-02 5.6632531133E-12 4.8191092517E-12 -8.9465546019E-02 3.4521750805E+00
62.00 3.5484034614E+00 1.2492827316E+00 5.8441524776E-12 3.4205296351E-12 1.2492827316E+00 3.5484034614E+00 -1.0024883220E-11 -2.5884583197E-12 9.9533344770E-12 1.2854754596E-11 3.3209287258E+00 -4.3499189242E-02 4.7589390686E-12 4.2208898858E-12 4.3499189242E-02 3.3209287258E+00
63.00 3.4370260081E+00 1.1975584687E+00 6.0551305501E-12 2.4790540632E-12 1.1975584687E+00 3.4370260081E+00 -1.0206516932E-11 -1.9099052595E-12 1.0066426473E-11 1.2968803434E-11 3.2173221381E+00 -1.6685249331E-01 3.8813038696E-12 3.6356581418E-12 1.6685249331E-01 3.2173221381E+00
64.00 3.3485942917E+00 1.1389086668E+00 6.2375553276E-12 1.5662205528E-12 1.1389086668E+00 3.3485942917E+00 -1.0347494008E-11 -1.2468524900E-12 1.0145851001E-11 1.3038370659E-11 3.1364622685E+00 -2.8031271296E-01 3.0316638668E-12 3.0651751947E-12 2.8031271296E-01 3.1364622685E+00
65.00 3.2786567964E+00 1.0741723031E+00 6.3900397662E-12 6.8305425083E-13 1.0741723031E+00 3.2786567964E+00 -1.0448710160E-11 -6.0177648191E-13 1.0191189395E-11 1.3064472940E-11 3.0738458003E+00 -3.8368769584E-01 2.2109586849E-12 2.5113211694E-12 3.8368769584E-01 3.0738458003E+00
66.00 3.2231521265E+00 1.0042142558E+00 6.5125727686E-12 -1.6756530578E-13 1.0042142558E+00 3.2231521265E+00 -1.0509934667E-11 2.4810754946E-14 1.0202849802E-11 1.3047509464E-11 3.0253688644E+00 -4.7687167369E-01 1.4214618015E-12 1.9745517446E-12 4.7687167369E-01 3.0253688644E+00
67.00 3.1784136772E+00 9.2991355308E-01 6.6048522332E-12 -9.8482550258E-13 9.2991355308E-01 3.1784136772E+00 -1.0531760659E-11 6.3067861145E-13 1.0181295256E-11 1.2988450584E-11 2.9873318931E+00 -5.5984144855E-01 6.6388728130E-13 1.4565214173E-12 5.5984144855E-01 2.9873318931E+00
68.00 3.1411699007E+00 8.5215202548E-01 6.6670756577E-12 -1.7675147976E-12 8.5215202548E-01 3.1411699007E+00 -1.0514384336E-11 1.2142314095E-12 1.0127292145E-11 1.2887976403E-11 2.9564398791E+00 -6.3265196736E-01 -6.0790255792E-14 9.5835033750E-13 6.3265196736E-01 2.9564398791E+00
69.00 3.1085404578E+00 7.7180351526E-01 6.6997108828E-12 -2.5138027569E-12 7.7180351526E-01 3.1085404578E+00 -1.0458319083E-11 1.7747101134E-12 1.0041795670E-11 1.2747219707E-11 2.9297983405E+00 -6.9543137377E-01 -7.5111153155E-13 4.8054383135E-13 6.9543137377E-01 2.9297983405E+00
70.00 3.0780285775E+00 6.8972377653E-01 6.7023274239E-12 -3.2231965584E-12 6.8972377653E-01 3.0780285775E+00 -1.0364985193E-11 2.3102979860E-12 9.9252070302E-12 1.2567759429E-11 2.9049053265E+00 -7.4837562757E-01 -1.4068532603E-12 2.4484902428E-14 7.4837562757E-01 2.9049053265E+00
71.00 3.0475099641E+00 6.0674118552E-01 6.6765462457E-12 -3.8941351893E-12 6.0674118552E-01 3.0475099641E+00 -1.0234201912E-11 2.8204828418E-12 9.7793254024E-12 1.2350224346E-11 2.8796398181E+00 -7.9174278208E-01 -2.0266453312E-12 -4.0976679623E-13 7.9174278208E-01 2.8796398181E+00
72.00 3.0152186099E+00 5.2364836046E-01 6.6217357970E-12 -4.5262722222E-12 5.2364836046E-01 3.0152186099E+00 -1.0068304192E-11 3.3038648257E-12 9.6044147935E-12 1.2097004258E-11 2.8522468997E+00 -8.2584700937E-01 -2.6105686726E-12 -8.2102813276E-13 8.2584700937E-01 2.8522468997E+00
73.00 2.9797298812E+00 4.4119477149E-01 6.5389350775E-12 -5.1189200157E-12 4.4119477149E-01 2.9797298812E+00 -9.8682239968E-12 3.7595768661E-12 9.4019207423E-12 1.1809491273E-11 2.8213200896E+00 -8.5105246043E-01 -3.1581587778E-12 -1.2088198300E-12 8.5105246043E-01 2.8213200896E+00
74.00 2.9399412519E+00 3.6008040112E-01 6.4300426907E-12 -5.6710388790E-12 3.6008040112E-01 2.9399412519E+00 -9.6343270279E-12 4.1875015629E-12 9.1738926977E-12 1.1488747312E-11 2.7857812236E+00 -8.6776704448E-01 -3.6684706411E-12 -1.5735199178E-12 8.6776704448E-01 2.7857812236E+00
75.00 2.8950510600E+00 2.8095049599E-01 6.2948422442E-12 -6.1826082205E-12 2.8095049599E-01 2.8950510600E+00 -9.3692404569E-12 4.5865748324E-12 8.9208006875E-12 1.1137413573E-11 2.7448582902E+00 -8.7643620718E-01 -4.1419457891E-12 -1.9141762930E-12 8.7643620718E-01 2.7448582902E+00
76.00 2.8445356597E+00 2.0439143046E-01 6.1352449815E-12 -6.6533950164E-12 2.0439143046E-01 2.8445356597E+00 -9.0738040514E-12 4.9563813400E-12 8.6448061127E-12 1.0756769209E-11 2.6980616114E+00 -8.7753678202E-01 -4.5783705847E-12 -2.2308755766E-12 8.7753678202E-01 2.6980616114E+00
77.00 2.7881253356E+00 1.3092768383E-01 5.9519108241E-12 -7.0833940015E-12 1.3092768383E-01 2.7881253356E+00 -8.7502017693E-12 5.2964842269E-12 8.3469786607E-12 1.0349170827E-11 2.6451587569E+00 -8.7157098360E-01 -4.9780990476E-12 -2.5233408839E-12 8.7157098360E-01 2.6451587569E+00
78.00 2.7257793328E+00 6.1019914105E-02 5.7463595011E-12 -7.4728434542E-12 6.1019914105E-02 2.7257793328E+00 -8.4001399743E-12 5.6064824673E-12 8.0291423389E-12 9.9165238503E-12 2.5861485686E+00 -8.5906060454E-01 -5.3414987906E-12 -2.7914604050E-12 8.5906060454E-01 2.5861485686E+00
79.00 2.6576603464E+00 -4.9359056219E-03 5.5201441746E-12 -7.8209314506E-12 -4.9359056219E-03 2.6576603464E+00 -8.0252146447E-12 5.8872148515E-12 7.6927429097E-12 9.4609256196E-12 2.5212346558E+00 -8.4054147077E-01 -5.6679576329E-12 -3.0363352849E-12 8.4054147077E-01 2.5212346558E+00
80.00 2.5841087933E+00 -6.6608338409E-02 5.2744749463E-12 -8.1288684043E-12 -6.6608338409E-02 2.5841087933E+00 -7.6276950169E-12 6.1378839282E-12 7.3394454698E-12 8.9845351404E-12 2.4507987039E+00 -8.1655820233E-01 -5.9588580863E-12 -3.2573517923E-12 8.1655820233E-01 2.4507987039E+00
81.00 2.5056171727E+00 -1.2372938663E-01 5.0110177968E-12 -8.3974356666E-12 -1.2372938663E-01 2.5056171727E+00 -7.2095335794E-12 6.3582003414E-12 6.9711309120E-12 8.4892856977E-12 2.3753739184E+00 -7.8765931913E-01 -6.2151000492E-12 -3.4544209409E-12 7.8765931913E-01 2.3753739184E+00
82.00 2.4228047990E+00 -1.7609252412E-01 4.7316424942E-12 -8.6262910938E-12 -1.7609252412E-01 2.4228047990E+00 -6.7725749481E-12 6.5493906195E-12 6.5894274128E-12 7.9774131135E-12 2.2956189004E+00 -7.5439272322E-01 -6.4363926610E-12 -3.6289853016E-12 7.5439272322E-01 2.2956189004E+00
83.00 2.3363931681E+00 -2.2354994499E-01 4.4377493271E-12 -8.8167314939E-12 -2.2354994499E-01 2.3363931681E+00 -6.3190519191E-12 6.7111156702E-12 6.1959569835E-12 7.4509623304E-12 2.2122922275E+00 -7.1730158117E-01 -6.6242206909E-12 -3.7808015582E-12 7.1730158117E-01 2.2122922275E+00
84.00 2.2471821938E+00 -2.6600912556E-01 4.1307399551E-12 -8.9691461158E-12 -2.6600912556E-01 2.2471821938E+00 -5.8515851628E-12 6.8443267969E-12 5.7918955253E-12 6.9127341089E-12 2.1262279812E+00 -6.7692062260E-01 -6.7791406478E-12 -3.9107764492E-12 6.7692062260E-01 2.1262279812E+00
85.00 2.1560275238E+00 -3.0342880250E-01 3.8131164213E-12 -9.0849346359E-12 -3.0342880250E-01 2.1560275238E+00 -5.3715196969E-12 6.9491404529E-12 5.3798647404E-12 6.3638362654E-12 2.0383124400E+00 -6.3377286308E-01 -6.9023704143E-12 -4.0193448044E-12 6.3377286308E-01 2.0383124400E+00
86.00 2.0638191213E+00 -3.3581447474E-01 3.4859170213E-12 -9.1646763056E-12 -3.3581447474E-01 2.0638191213E+00 -4.8818512434E-12 7.0265063486E-12 4.9605417989E-12 5.8073524714E-12 1.9494621227E+00 -5.8836675303E-01 -6.9947569798E-12 -4.1072632229E-12 5.8836675303E-01 1.9494621227E+00
87.00 1.9714612691E+00 -3.6321353937E-01 3.1514398263E-12 -9.2100004205E-12 -3.6321353937E-01 1.9714612691E+00 -4.3841886244E-12 7.0767478513E-12 4.5362646447E-12 5.2445843637E-12 1.8606033399E+00 -5.4119374685E-01 -7.0578129906E-12 -4.1749904561E-12 5.4119374685E-01 1.8606033399E+00
88.00 1.8798541280E+00 -3.8571017211E-01 2.8112426362E-12 -9.2215959171E-12 -3.8571017211E-01 1.8798541280E+00 -3.8809937140E-12 7.1011999793E-12 4.1081431738E-12 4.6780501492E-12 1.7726533834E+00 -4.9272628101E-01 -7.0922268815E-12 -4.2238141782E-12 4.9272628101E-01 1.7726533834E+00
89.00 1.7898769541E+00 -4.0342006139E-01 2.4671397807E-12 -9.2011503814E-12 -4.0342006139E-01 1.7898769541E+00 -3.3744183018E-12 7.1003536843E-12 3.6778430659E-12 4.1095919284E-12 1.6865034505E+00 -4.4341614368E-01 -7.0997108882E-12 -4.2541101039E-12 4.4341614368E-01 1.6865034505E+00
90.00 1.7023730550E+00 -4.1648510187E-01 2.1213148456E-12 -9.1496048824E-12 -4.1648510187E-01 1.7023730550E+00 -2.8661745978E-12 7.0755289662E-12 3.2471999193E-12 3.5407426690E-12 1.6030033785E+00 -3.9369321407E-01 -7.0809506659E-12 -4.2673331015E-12 3.9369321407E-01 1.6030033785E+00
91.00 1.6181365379E+00 -4.2506814811E-01 1.7748776610E-12 -9.0684833657E-12 -4.2506814811E-01 1.6181365379E+00 -2.3590286078E-12 7.0278551993E-12 2.8168492434E-12 2.9741980716E-12 1.5229482318E+00 -3.4396454487E-01 -7.0375541277E-12 -4.2642862241E-12 3.4396454487E-01 1.5229482318E+00
92.00 1.5379008813E+00 -4.2934792254E-01 1.4301011972E-12 -8.9595529286E-12 -4.2934792254E-01 1.5379008813E+00 -1.8545108549E-12 6.9580367173E-12 2.3889099413E-12 2.4109881794E-12 1.4470667627E+00 -2.9461375824E-01 -6.9711227291E-12 -4.2456196445E-12 2.9461375824E-01 1.4470667627E+00
93.00 1.4623293368E+00 -4.2951416388E-01 1.0883407365E-12 -8.8241723084E-12 -4.2951416388E-01 1.4623293368E+00 -1.3548882022E-12 6.8674109352E-12 1.9642098227E-12 1.8532584425E-12 1.3760117430E+00 -2.4600072256E-01 -6.8829345290E-12 -4.2124688260E-12 2.4600072256E-01 1.3760117430E+00
94.00 1.3920071472E+00 -4.2576309313E-01 7.5129989078E-13 -8.6644968123E-12 -4.2576309313E-01 1.3920071472E+00 -8.6210371932E-13 6.7566801681E-12 1.5441428191E-12 1.3025516067E-12 1.3103521393E+00 -1.9846147556E-01 -6.7751586104E-12 -4.1651535066E-12 1.9846147556E-01 1.3103521393E+00
95.00 1.3274355475E+00 -4.1829326407E-01 4.2080500578E-13 -8.4812647635E-12 -4.1829326407E-01 1.3274355475E+00 -3.7782951322E-13 6.6279647985E-12 1.1299650753E-12 7.6036747001E-13 1.2505670882E+00 -1.5230835784E-01 -6.6480209326E-12 -4.1059211357E-12 1.5230835784E-01 1.2505670882E+00
96.00 1.2690274965E+00 -4.0730185440E-01 9.8223107748E-14 -8.2764559042E-12 -4.0730185440E-01 1.2690274965E+00 9.6065091739E-14 6.4821533434E-12 7.2265438279E-13 2.2823799527E-13 1.1970416068E+00 -1.0783032068E-01 -6.5034773572E-12 -4.0352849796E-12 1.0783032068E-01 1.1970416068E+00
97.00 1.2171050699E+00 -3.9298144243E-01 -2.1478019162E-13 -8.0523963490E-12 -3.9298144243E-01 1.2171050699E+00 5.5803061314E-13 6.3200211004E-12 3.2354472988E-13 -2.9271300573E-13 1.1500639603E+00 -6.5293371916E-02 -6.3438524628E-12 -3.9535189061E-12 6.5293371916E-02 1.1500639603E+00
98.00 1.1718984318E+00 -3.7551730236E-01 -5.1712631969E-13 -7.8097294717E-12 -3.7551730236E-01 1.1718984318E+00 1.0061778674E-12 6.1438444408E-12 -6.6960908501E-14 -8.0066799971E-13 1.1098245945E+00 -2.4941124750E-02 -6.1692270517E-12 -3.8629912368E-12 2.4941124750E-02 1.1098245945E+00
99.00 1.1335462888E+00 -3.5508523965E-01 -8.0752685903E-13 -7.5506007874E-12 -3.5508523965E-01 1.1335462888E+00 1.4389417355E-12 5.9545403920E-12 -4.4797819762E-13 -1.2944037292E-12 1.0764165282E+00 1.3004584204E-02 -5.9816624509E-12 -3.7641628350E-12 -1.3004584204E-02 1.0764165282E+00
100.00 1.1020977176E+00 -3.3184997627E-01 -1.0841893765E-12 -7.2771283383E-12 -3.3184997627E-01 1.1020977176E+00 1.8555241674E-12 5.7530942301E-12 -8.1793990962E-13 -1.7736057232E-12 1.0498370936E+00 4.8343039240E-02 -5.7831835862E-12 -3.6575347608E-12 -4.8343039240E-02 1.0498370936E+00
101.00 1.0775152518E+00 -3.0596408453E-01 -1.3465988151E-12 -6.9904666065E-12 -3.0596408453E-01 1.0775152518E+00 2.2539531897E-12 5.5412810074E-12 -1.1769967462E-12 -2.2363384903E-12 1.0299909031E+00 8.0893981235E-02 -5.5745050220E-12 -3.5447660257E-12 -8.0893981235E-02 1.0299909031E+00
102.00 1.0596791006E+00 -2.7756745710E-01 -1.5933546159E-12 -6.6924087212E-12 -2.7756745710E-01 1.0596791006E+00 2.6333530640E-12 5.3204226905E-12 -1.5240235206E-12 -2.6821188115E-12 1.0166939189E+00 1.1049696064E-01 -5.3571968805E-12 -3.4267736035E-12 -1.1049696064E-01 1.0166939189E+00
103.00 1.0483923735E+00 -2.4678729128E-01 -1.8234854215E-12 -6.3847963439E-12 -2.4678729128E-01 1.0483923735E+00 2.9927559569E-12 5.0916170448E-12 -1.8584325364E-12 -3.1101809289E-12 1.0096784941E+00 1.3701073036E-01 -5.1329212672E-12 -3.3042178697E-12 -1.3701073036E-01 1.0096784941E+00
104.00 1.0433871737E+00 -2.1373855577E-01 -2.0364750214E-12 -6.0693987043E-12 -2.1373855577E-01 1.0433871737E+00 3.3308388838E-12 4.8559931976E-12 -2.1801914385E-12 -3.5192765613E-12 1.0085992580E+00 1.6031269730E-01 -4.9031440171E-12 -3.1779041688E-12 -1.6031269730E-01 1.0085992580E+00
105.00 1.0443314276E+00 -1.7852490052E-01 -2.2312866335E-12 -5.7475688419E-12 -1.7852490052E-01 1.0443314276E+00 3.6470461058E-12 4.6151916526E-12 -2.4884596959E-12 -3.9091636080E-12 1.0130397131E+00 1.8029844763E-01 -4.6688936888E-12 -3.0491296258E-12 -1.8029844763E-01 1.0130397131E+00
106.00 1.0508363122E+00 -1.4123996271E-01 -2.4073324643E-12 -5.4207455654E-12 -1.4123996271E-01 1.0508363122E+00 3.9406435696E-12 4.3704791431E-12 -2.7829136807E-12 -4.2792504915E-12 1.0225194177E+00 1.9688135643E-01 -4.4313350629E-12 -2.9187980111E-12 -1.9688135643E-01 1.0225194177E+00
107.00 1.0624641466E+00 -1.0196901592E-01 -2.5640475905E-12 -5.0907193505E-12 -1.0196901592E-01 1.0624641466E+00 4.2110383598E-12 4.1228739038E-12 -3.0632897362E-12 -4.6290119167E-12 1.0365016262E+00 2.0999228875E-01 -4.1920186737E-12 -2.7875047958E-12 -2.0999228875E-01 1.0365016262E+00
108.00 1.0787366133E+00 -6.0790904998E-02 -2.7008766307E-12 -4.7587758752E-12 -6.0790904998E-02 1.0787366133E+00 4.4578854148E-12 3.8737089155E-12 -3.3291934204E-12 -4.9582093996E-12 1.0544012691E+00 2.1957939441E-01 -3.9519652976E-12 -2.6562000721E-12 -2.1957939441E-01 1.0544012691E+00
109.00 1.0991431826E+00 -1.7780205431E-02 -2.8177777176E-12 -4.4266166825E-12 -1.7780205431E-02 1.0991431826E+00 4.6805751820E-12 3.6237785418E-12 -3.5808154267E-12 -5.2661750465E-12 1.0755931538E+00 2.2560799550E-01 -3.7125500631E-12 -2.5253546098E-12 -2.2560799550E-01 1.0755931538E+00
110.00 1.1231496134E+00 2.6990456252E-02 -2.9147033994E-12 -4.0951214843E-12 2.6990456252E-02 1.1231496134E+00 4.8787186003E-12 3.3747012162E-12 -3.8180916274E-12 -5.5526444371E-12 1.0994202790E+00 2.2806056126E-01 -3.4743426069E-12 -2.3962486478E-12 -2.2806056126E-01 1.0994202790E+00
111.00 1.1502064143E+00 7.3447985311E-02 -2.9912675297E-12 -3.7662070873E-12 7.3447985311E-02 1.1502064143E+00 5.0525203769E-12 3.1269061030E-12 -4.0408109650E-12 -5.8176568264E-12 1.1252021575E+00 2.2693676154E-01 -3.2390374692E-12 -2.2688968044E-12 -2.2693676154E-01 1.1252021575E+00
112.00 1.1797571530E+00 1.2151636905E-01 -3.0468475437E-12 -3.4409080989E-12 1.2151636905E-01 1.1797571530E+00 5.2024994548E-12 2.8815533197E-12 -4.2483724316E-12 -6.0616086920E-12 1.1522430539E+00 2.2225358697E-01 -3.0075042031E-12 -2.1440316053E-12 -2.2225358697E-01 1.1522430539E+00
113.00 1.2112465114E+00 1.7111425719E-01 -3.0827573925E-12 -3.1197957245E-12 1.7111425719E-01 1.2112465114E+00 5.3276616826E-12 2.6401452816E-12 -4.4418278026E-12 -6.2835763628E-12 1.1798400474E+00 2.1404552064E-01 -2.7799148274E-12 -2.0229326179E-12 -2.1404552064E-01 1.1798400474E+00
114.00 1.2441279909E+00 2.2215263251E-01 -3.0985909168E-12 -2.8046943133E-12 2.2215263251E-01 1.2441279909E+00 5.4289190166E-12 2.4027980090E-12 -4.6208536827E-12 -6.4841082919E-12 1.2072908415E+00 2.0236474392E-01 -2.5578664442E-12 -1.9053433451E-12 -2.0236474392E-01 1.2072908415E+00
115.00 1.2778711832E+00 2.7453262836E-01 -3.0942918503E-12 -2.4962463613E-12 2.7453262836E-01 1.2778711832E+00 5.5068830491E-12 2.1707012400E-12 -4.7852387977E-12 -6.6635714440E-12 1.2339012482E+00 1.8728135674E-01 -2.3418596893E-12 -1.7920517861E-12 -1.8728135674E-01 1.2339012482E+00
116.00 1.3119685296E+00 3.2814354521E-01 -3.0712054665E-12 -2.1956953876E-12 3.2814354521E-01 1.3119685296E+00 5.5610563858E-12 1.9443375397E-12 -4.9359590728E-12 -6.8213502757E-12 1.2589922832E+00 1.6888359108E-01 -2.1327394971E-12 -1.6834088894E-12 -1.6888359108E-01 1.2589922832E+00
117.00 1.3459415035E+00 3.8286111311E-01 -3.0291273250E-12 -1.9035737840E-12 3.8286111311E-01 1.3459415035E+00 5.5927703524E-12 1.7246032005E-12 -5.0726528415E-12 -6.9583470303E-12 1.2819068183E+00 1.4727799542E-01 -1.9309455918E-12 -1.5798402593E-12 -1.4727799542E-01 1.2819068183E+00
118.00 1.3793461593E+00 4.3854604089E-01 -2.9686247546E-12 -1.6210396647E-12 4.3854604089E-01 1.3793461593E+00 5.6026247700E-12 1.5118256566E-12 -5.1955982744E-12 -7.0747641507E-12 1.3020157431E+00 1.2258956713E-01 -1.7373475401E-12 -1.4815021827E-12 -1.2258956713E-01 1.3020157431E+00
119.00 1.4117780026E+00 4.9504288660E-01 -2.8908249665E-12 -1.3488410519E-12 4.9504288660E-01 1.4117780026E+00 5.5909245862E-12 1.3065120700E-12 -5.3054124125E-12 -7.1706455158E-12 1.3187235965E+00 9.4961809832E-02 -1.5524345462E-12 -1.3886925946E-12 -9.4961809832E-02 1.3187235965E+00
120.00 1.4428761453E+00 5.5217927671E-01 -2.7961796620E-12 -1.0867058652E-12 5.5217927671E-01 1.4428761453E+00 5.5587845162E-12 1.1099821145E-12 -5.4021485776E-12 -7.2466277507E-12 1.3314736386E+00 6.4556693256E-02 -1.3760289270E-12 -1.3021698652E-12 -6.4556693256E-02 1.3314736386E+00
121.00 1.4723267200E+00 6.0976549427E-01 -2.6855900845E-12 -8.3640247187E-13 6.0976549427E-01 1.4723267200E+00 5.5070286329E-12 9.2143865943E-13 -5.4862541968E-12 -7.3030383617E-12 1.3397523377E+00 3.1554493894E-02 -1.2093304019E-12 -1.2212887415E-12 -3.1554493894E-02 1.3397523377E+00
122.00 1.4998655395E+00 6.6759444913E-01 -2.5599127954E-12 -5.9733782483E-13 6.6759444913E-01 1.4998655395E+00 5.4366265620E-12 7.4234079627E-13 -5.5580208461E-12 -7.3403546023E-12 1.3430932553E+00 -3.8465035272E-03 -1.0519656435E-12 -1.1469237067E-12 3.8465035272E-03 1.3430932553E+00
123.00 1.5252799924E+00 7.2544203581E-01 -2.4198672809E-12 -3.7096063440E-13 7.2544203581E-01 1.5252799924E+00 5.3489066987E-12 5.7189939893E-13 -5.6177169054E-12 -7.3592700981E-12 1.3410803201E+00 -4.1430462031E-02 -9.0482522685E-13 -1.0784701613E-12 4.1430462031E-02 1.3410803201E+00
124.00 1.5484101814E+00 7.8306787740E-01 -2.2667162047E-12 -1.5708371943E-13 7.8306787740E-01 1.5484101814E+00 5.2446777945E-12 4.1081225177E-13 -5.6658665025E-12 -7.3601237074E-12 1.3333504863E+00 -8.0964621627E-02 -7.6773410786E-13 -1.0162539655E-12 8.0964621627E-02 1.3333504863E+00
125.00 1.5691493129E+00 8.4021644711E-01 -2.1015423502E-12 4.4267332751E-14 8.4021644711E-01 1.5691493129E+00 5.1251188536E-12 2.5948547300E-13 -5.7029204783E-12 -7.3435099767E-12 1.3195957790E+00 -1.2220011490E-01 -6.4069577867E-13 -9.6041158491E-13 1.2220011490E-01 1.3195957790E+00
126.00 1.5874433604E+00 8.9661855209E-01 -1.9255122131E-12 2.3249204023E-13 8.9661855209E-01 1.5874433604E+00 4.9913388899E-12 1.1759997160E-13 -5.7292831820E-12 -7.3099682262E-12 1.2995647331E+00 -1.6487297898E-01 -5.2400495255E-13 -9.1064556094E-13 1.6487297898E-01 1.2995647331E+00
127.00 1.6032900290E+00 9.5199315827E-01 -1.7395370469E-12 4.0820980731E-13 9.5199315827E-01 1.6032900290E+00 4.8448461718E-12 -1.4106437501E-14 -5.7453254857E-12 -7.2602274049E-12 1.2730632395E+00 -2.0870537048E-01 -4.1723955398E-13 -8.6721441774E-13 2.0870537048E-01 1.2730632395E+00
128.00 1.6167370544E+00 1.0060495292E+00 -1.5446280223E-12 5.7044904281E-13 1.0060495292E+00 1.6167370544E+00 4.6870615989E-12 -1.3654694362E-13 -5.7513214926E-12 -7.1950233359E-12 1.2399548164E+00 -2.5340698660E-01 -3.2080681460E-13 -8.2955336277E-13 2.5340698660E-01 1.2399548164E+00
129.00 1.6278798807E+00 1.0584896470E+00 -1.3425056325E-12 7.1985945235E-13 1.0584896470E+00 1.6278798807E+00 4.5187534054E-12 -2.4917190711E-13 -5.7479911716E-12 -7.1146769996E-12 1.2001603255E+00 -2.9867669154E-01 -2.3430234841E-13 -7.9772881609E-13 2.9867669154E-01 1.2001603255E+00
130.00 1.6368587614E+00 1.1090108786E+00 -1.1341716371E-12 8.5629302072E-13 1.1090108786E+00 1.6368587614E+00 4.3415135573E-12 -3.5232436436E-13 -5.7356716824E-12 -7.0200388361E-12 1.1536571612E+00 -3.4420434389E-01 -1.5765586880E-13 -7.7144613990E-13 3.4420434389E-01 1.1536571612E+00
131.00 1.6438553376E+00 1.1573088478E+00 -9.2080654296E-13 9.7941950398E-13 1.1573088478E+00 1.6438553376E+00 4.1567211753E-12 -4.4665286891E-13 -5.7146993296E-12 -6.9118615714E-12 1.1004779408E+00 -3.8967281641E-01 -9.0800262781E-14 -7.5025675145E-13 3.8967281641E-01 1.1004779408E+00
132.00 1.6490887492E+00 1.2030804700E+00 -7.0387688116E-13 1.0904592791E-12 1.2030804700E+00 1.6490887492E+00 3.9654863043E-12 -5.3131145014E-13 -5.6857072708E-12 -6.7905821688E-12 1.0407087283E+00 -4.3476019615E-01 -3.3097301506E-14 -7.3429271625E-13 4.3476019615E-01 1.0407087283E+00
133.00 1.6528113389E+00 1.2460271048E+00 -4.8408406065E-13 1.1889691240E-12 1.2460271048E+00 1.6528113389E+00 3.7696787265E-12 -6.0724113021E-13 -5.6488124881E-12 -6.6571606176E-12 9.7448682778E-01 -4.7914214883E-01 1.5594262335E-14 -7.2303025824E-13 4.7914214883E-01 9.7448682778E-01
134.00 1.6553040138E+00 1.2858577790E+00 -2.6326741519E-13 1.2754575483E-12 1.2858577790E+00 1.6553040138E+00 3.5700702998E-12 -6.7450523442E-13 -5.6047156087E-12 -6.5120903632E-12 9.0199818351E-01 -5.2249442802E-01 5.5604464032E-14 -7.1614633963E-13 5.2249442802E-01 9.0199818351E-01
135.00 1.6568713267E+00 1.3222924354E+00 -4.2054444763E-14 1.3500619777E-12 1.3222924354E+00 1.6568713267E+00 3.3685605830E-12 -7.3363345097E-13 -5.5535937136E-12 -6.3562758733E-12 8.2347442690E-01 -5.6449550630E-01 8.7407993707E-14 -7.1329015012E-13 5.6449550630E-01 8.2347442690E-01
136.00 1.6578363467E+00 1.3550651586E+00 1.7741512858E-13 1.4132046787E-12 1.3550651586E+00 1.6578363467E+00 3.1655335683E-12 -7.8487213425E-13 -5.4960903226E-12 -6.1901186582E-12 7.3918961238E-01 -6.0482930248E-01 1.1122787315E-13 -7.1401324881E-13 6.0482930248E-01 7.3918961238E-01
137.00 1.6585353839E+00 1.3839273324E+00 3.9491543397E-13 1.4659039409E-12 1.3839273324E+00 1.6585353839E+00 2.9632113721E-12 -8.2802760042E-13 -5.4324826561E-12 -6.0144728643E-12 6.4945668475E-01 -6.4318797647E-01 1.2791623958E-13 -7.1816802785E-13 6.4318797647E-01 6.4945668475E-01
138.00 1.6593126370E+00 1.4086506853E+00 6.0913351085E-13 1.5078177243E-12 1.4086506853E+00 1.6593126370E+00 2.7626882729E-12 -8.6421577608E-13 -5.3630037052E-12 -5.8300594158E-12 5.5462372237E-01 -6.7927476070E-01 1.3768991101E-13 -7.2521165118E-13 6.7927476070E-01 5.5462372237E-01
139.00 1.6605148283E+00 1.4290301820E+00 8.1850391363E-13 1.5395339310E-12 1.4290301820E+00 1.6605148283E+00 2.5647304391E-12 -8.9376927507E-13 -5.2881766860E-12 -5.6375171296E-12 4.5507000085E-01 -7.1280679576E-01 1.4106381834E-13 -7.3461870182E-13 7.1280679576E-01 4.5507000085E-01
140.00 1.6624858933E+00 1.4448867202E+00 1.0223886705E-12 1.5620311368E-12 1.4448867202E+00 1.6624858933E+00 2.3709567540E-12 -9.1659076415E-13 -5.2083626288E-12 -5.4374477855E-12 3.5120192220E-01 -7.4351793584E-01 1.3870516888E-13 -7.4618809215E-13 7.4351793584E-01 3.5120192220E-01
141.00 1.6655617858E+00 1.4560695982E+00 1.2196875984E-12 1.5752876890E-12 1.4560695982E+00 1.6655617858E+00 2.1824090002E-12 -9.3364785207E-13 -5.1237985923E-12 -5.2306108795E-12 2.4344885460E-01 -7.7116148925E-01 1.3111204107E-13 -7.5937502191E-13 7.7116148925E-01 2.4344885460E-01
142.00 1.6700654603E+00 1.4624587207E+00 1.4090382116E-12 1.5802478319E-12 1.4624587207E+00 1.6700654603E+00 1.9997971676E-12 -9.4493384605E-13 -5.0349112583E-12 -5.0174966966E-12 1.3225892696E-01 -7.9551285859E-01 1.1876263387E-13 -7.7374390765E-13 7.9551285859E-01 1.3225892696E-01
143.00 1.6763020880E+00 1.4639665129E+00 1.5899154970E-12 1.5773666807E-12 1.4639665129E+00 1.6763020880E+00 1.8245541167E-12 -9.5098195823E-13 -4.9419840860E-12 -4.7988183846E-12 1.8094822159E-02 -8.1637204546E-01 1.0230245280E-13 -7.8896266450E-13 8.1637204546E-01 1.8094822159E-02
144.00 1.6845545603E+00 1.4605395213E+00 1.7614683593E-12 1.5669755611E-12 1.4605395213E+00 1.6845545603E+00 1.6576567686E-12 -9.5243609322E-13 -4.8452559041E-12 -4.5752214736E-12 -9.8570388585E-02 -8.3356598517E-01 8.2318110403E-14 -8.0461593326E-13 8.3356598517E-01 -9.8570388585E-02
145.00 1.6950793293E+00 1.4521596792E+00 1.9228751179E-12 1.5497328506E-12 1.4521596792E+00 1.6950793293E+00 1.4999898712E-12 -9.4962293207E-13 -4.7450553345E-12 -4.3472761998E-12 -2.1725732949E-01 -8.4695067831E-01 5.9393074434E-14 -8.2030482538E-13 8.4695067831E-01 -2.1725732949E-01
146.00 1.7081026297E+00 1.4388452230E+00 2.0730862263E-12 1.5265053682E-12 1.4388452230E+00 1.7081026297E+00 1.3520949143E-12 -9.4261354625E-13 -4.6416522960E-12 -4.1154289593E-12 -3.3748428296E-01 -8.5641308761E-01 3.3983634643E-14 -8.3553050140E-13 8.5641308761E-01 -3.3748428296E-01
147.00 1.7238171222E+00 1.4206512494E+00 2.2118936500E-12 1.4976386369E-12 1.4206512494E+00 1.7238171222E+00 1.2152006759E-12 -9.3205197138E-13 -4.5353392697E-12 -3.8803111454E-12 -4.5877099467E-01 -8.6187277078E-01 6.7778913675E-15 -8.5004246963E-13 8.6187277078E-01 -4.5877099467E-01
148.00 1.7423789930E+00 1.3976699063E+00 2.3380173477E-12 1.4629986546E-12 1.3976699063E+00 1.7423789930E+00 1.0893389340E-12 -9.1899182325E-13 -4.4260357387E-12 -3.6427040011E-12 -5.8064228693E-01 -8.6328322279E-01 -2.1739617859E-14 -8.6341625751E-13 8.6328322279E-01 -5.8064228693E-01
149.00 1.7639055377E+00 1.3700302177E+00 2.4513422120E-12 1.4240850931E-12 1.3700302177E+00 1.7639055377E+00 9.7553841325E-13 -9.0287017034E-13 -4.3143042825E-12 -3.4028596854E-12 -7.0263144895E-01 -8.6063290401E-01 -5.1063433826E-14 -8.7528716700E-13 8.6063290401E-01 -7.0263144895E-01
150.00 1.7884732546E+00 1.3378975444E+00 2.5514826403E-12 1.3813506366E-12 1.3378975444E+00 1.7884732546E+00 8.7447955361E-13 -8.8408760114E-13 -4.2002696519E-12 -3.1611736392E-12 -8.2428337621E-01 -8.5394593426E-01 -8.0705385006E-14 -8.8537667786E-13 8.5394593426E-01 -8.2428337621E-01
151.00 1.8161164621E+00 1.3014726892E+00 2.6375845017E-12 1.3346858180E-12 1.3014726892E+00 1.8161164621E+00 7.8611416295E-13 -8.6360349963E-13 -4.0838612656E-12 -2.9184768887E-12 -9.4515743419E-01 -8.4328243652E-01 -1.1009041731E-13 -8.9335526654E-13 8.4328243652E-01 -9.4515743419E-01
152.00 1.8468264538E+00 1.2609906563E+00 2.7097456917E-12 1.2853481250E-12 1.2609906563E+00 1.8468264538E+00 7.1126355548E-13 -8.4101260696E-13 -3.9655617579E-12 -2.6749351923E-12 -1.0648300257E+00 -8.2873851824E-01 -1.3890497076E-13 -8.9891762582E-13 8.2873851824E-01 -1.0648300257E+00
153.00 1.8805511950E+00 1.2167190815E+00 2.7678876850E-12 1.2330235506E-12 1.2167190815E+00 1.8805511950E+00 6.5038319724E-13 -8.1732941449E-13 -3.8453425145E-12 -2.4310780007E-12 -1.1828968447E+00 -8.1044588245E-01 -1.6635617847E-13 -9.0203633428E-13 8.1044588245E-01 -1.1828968447E+00
154.00 1.9171955599E+00 1.1689563502E+00 2.8114361162E-12 1.1786360271E-12 1.1689563502E+00 1.9171955599E+00 6.0330899738E-13 -7.9240645419E-13 -3.7233291223E-12 -2.1873589341E-12 -1.2989748040E+00 -7.8857106534E-01 -1.9234761220E-13 -9.0231483745E-13 7.8857106534E-01 -1.2989748040E+00
155.00 1.9566221034E+00 1.1180294240E+00 2.8402739452E-12 1.1227692779E-12 1.1180294240E+00 1.9566221034E+00 5.7018891535E-13 -7.6625508059E-13 -3.5995856271E-12 -1.9440791104E-12 -1.4127036276E+00 -7.6331430162E-01 -2.1654628581E-13 -8.9942242902E-13 7.6331430162E-01 -1.4127036276E+00
156.00 1.9986523525E+00 1.0642914023E+00 2.8550582526E-12 1.0651876240E-12 1.0642914023E+00 1.9986523525E+00 5.5173207493E-13 -7.3979955449E-13 -3.4744022416E-12 -1.7015269849E-12 -1.5237471031E+00 -7.3490802353E-01 -2.3818648832E-13 -8.9372200530E-13 7.3490802353E-01 -1.5237471031E+00
157.00 2.0430686019E+00 1.0081188406E+00 2.8549189561E-12 1.0067240698E-12 1.0081188406E+00 2.0430686019E+00 5.4699546812E-13 -7.1271341710E-13 -3.3475047876E-12 -1.4603398908E-12 -1.6317939948E+00 -7.0361500393E-01 -2.5735574995E-13 -8.8461095780E-13 7.0361500393E-01 -1.6317939948E+00
158.00 2.0896161856E+00 9.4990885761E-01 2.8405251843E-12 9.4767081963E-13 9.4990885761E-01 2.0896161856E+00 5.5640594644E-13 -6.8525217016E-13 -3.2192074877E-12 -1.2206325190E-12 -1.7365586193E+00 -6.6972615846E-01 -2.7364922795E-13 -8.7219941038E-13 6.6972615846E-01 -1.7365586193E+00
159.00 2.1380061997E+00 8.9007605763E-01 2.8122922288E-12 8.8857215232E-13 8.9007605763E-01 2.1380061997E+00 5.8002874995E-13 -6.5726379142E-13 -3.0897059871E-12 -9.8246777964E-13 -1.8377810940E+00 -6.3355802604E-01 -2.8691094406E-13 -8.5629377580E-13 6.3355802604E-01 -1.8377810940E+00
160.00 2.1879186380E+00 8.2904929939E-01 2.7701454259E-12 8.2913549608E-13 8.2904929939E-01 2.1879186380E+00 6.1726775057E-13 -6.2950255299E-13 -2.9587140238E-12 -7.4646453554E-13 -1.9352272687E+00 -5.9544995114E-01 -2.9671116372E-13 -8.3722068487E-13 5.9544995114E-01 -1.9352272687E+00
161.00 2.2390059049E+00 7.6726834258E-01 2.7144537453E-12 7.6998988471E-13 7.6726834258E-01 2.2390059049E+00 6.6779201702E-13 -6.0156478009E-13 -2.8263241084E-12 -5.1278710912E-13 -2.0286883569E+00 -5.5576099505E-01 -3.0305926955E-13 -8.1466868870E-13 5.5576099505E-01 -2.0286883569E+00
162.00 2.2908966614E+00 7.0518040311E-01 2.6458920009E-12 7.1132790558E-13 7.0518040311E-01 2.2908966614E+00 7.3150404567E-13 -5.7366946802E-13 -2.6926991054E-12 -2.8150145597E-13 -2.1179802854E+00 -5.1486660698E-01 -3.0582831353E-13 -7.8891020859E-13 5.1486660698E-01 -2.1179802854E+00
163.00 2.3431999583E+00 6.4323664863E-01 2.5645461040E-12 6.5314393676E-13 6.4323664863E-01 2.3431999583E+00 8.0754572757E-13 -5.4587826764E-13 -2.5574991782E-12 -5.3083495838E-14 -2.2029427865E+00 -4.7315508897E-01 -3.0481136677E-13 -7.5994317012E-13 4.7315508897E-01 -2.2029427865E+00
164.00 2.3955096077E+00 5.8188866542E-01 2.4715144492E-12 5.9596689579E-13 5.8188866542E-01 2.3955096077E+00 8.9591407188E-13 -5.1798515083E-13 -2.4211752793E-12 1.7267559131E-13 -2.2834382555E+00 -4.3102389136E-01 -3.0019192358E-13 -7.2787257916E-13 4.3102389136E-01 -2.2834382555E+00
165.00 2.4474087406E+00 5.2158492718E-01 2.3668446397E-12 5.3963561361E-13 5.2158492718E-01 2.4474087406E+00 9.9546589563E-13 -4.9008778553E-13 -2.2832082482E-12 3.9518637486E-13 -2.3593504057E+00 -3.8887577782E-01 -2.9179512051E-13 -6.9281330030E-13 3.8887577782E-01 -2.3593504057E+00
166.00 2.4984744973E+00 4.6276729560E-01 2.2517956307E-12 4.8426984041E-13 4.6276729560E-01 2.4984744973E+00 1.1061190541E-12 -4.6224733667E-13 -2.1440275645E-12 6.1472515096E-13 -2.4305827468E+00 -3.4711490102E-01 -2.7961396543E-13 -6.5515057593E-13 3.4711490102E-01 -2.4305827468E+00
167.00 2.5482827958E+00 4.0586758139E-01 2.1262735921E-12 4.3021104658E-13 4.0586758139E-01 2.5482827958E+00 1.2264016371E-12 -4.3405363243E-13 -2.0029255946E-12 8.3059451968E-13 -2.4970569238E+00 -3.0614283102E-01 -2.6402537659E-13 -6.1471593378E-13 3.0614283102E-01 -2.4970569238E+00
168.00 2.5964131219E+00 3.5130419334E-01 1.9920851319E-12 3.7702230015E-13 3.5130419334E-01 2.5964131219E+00 1.3565762396E-12 -4.0589356852E-13 -1.8606478689E-12 1.0434862772E-12 -2.5587109452E+00 -2.6635457967E-01 -2.4461757986E-13 -5.7226247222E-13 2.6635457967E-01 -2.5587109452E+00
169.00 2.6424532861E+00 2.9947890165E-01 1.8491945334E-12 3.2511494900E-13 2.9947890165E-01 2.6424532861E+00 1.4949366704E-12 -3.7735471203E-13 -1.7164401183E-12 1.2525775230E-12 -2.6154973392E+00 -2.2813466442E-01 -2.2195830252E-13 -5.2772510942E-13 2.2813466442E-01 -2.6154973392E+00
170.00 2.6860040912E+00 2.5077374015E-01 1.6989343416E-12 2.7440412695E-13 2.5077374015E-01 2.6860040912E+00 1.6411565949E-12 -3.4836049728E-13 -1.5706074165E-12 1.4582588252E-12 -2.6673812696E+00 -1.9185325476E-01 -1.9610399668E-13 -4.8147701517E-13 1.9185325476E-01 -2.6673812696E+00
171.00 2.7266838575E+00 2.0554807048E-01 1.5422083099E-12 2.2488376098E-13 2.0554807048E-01 2.7266838575E+00 1.7943296723E-12 -3.1869033236E-13 -1.4230722781E-12 1.6604783021E-12 -2.7143386484E+00 -1.5786244394E-01 -1.6727589843E-13 -4.3374078304E-13 1.5786244394E-01 -2.7143386484E+00
172.00 2.7641327523E+00 1.6413582967E-01 1.3797859101E-12 1.7636350682E-13 1.6413582967E-01 2.7641327523E+00 1.9533129136E-12 -2.8836451001E-13 -1.2735857255E-12 1.8589936929E-12 -2.7563542773E+00 -1.2649268719E-01 -1.3558627637E-13 -3.8499204317E-13 1.2649268719E-01 -2.7563542773E+00
173.00 2.7980168746E+00 1.2684298053E-01 1.2128079647E-12 1.2886965873E-13 1.2684298053E-01 2.7980168746E+00 2.1173512895E-12 -2.5714263700E-13 -1.1222175752E-12 2.0539881261E-12 -2.7934200534E+00 -9.8049446120E-02 -1.0136800093E-13 -3.3551275114E-13 9.8049446120E-02 -2.7934200534E+00
174.00 2.8280320465E+00 9.3945182849E-02 1.0421843625E-12 8.2130299305E-14 9.3945182849E-02 2.8280320465E+00 2.2853875193E-12 -2.2506894825E-13 -9.6878775447E-13 2.2453911882E-12 -2.8255332685E+00 -7.2810076636E-02 -6.4721853857E-14 -2.8585933063E-13 7.2810076636E-02 -2.8255332685E+00
175.00 2.8539072697E+00 6.5685701085E-02 8.6889210055E-13 3.6568629457E-14 6.5685701085E-02 2.8539072697E+00 2.4561863583E-12 -1.9149262597E-13 -8.1317863185E-13 2.4330034634E-12 -2.8526950329E+00 -5.1020995196E-02 -2.6449592718E-14 -2.3593075449E-13 5.1020995196E-02 -2.8526950329E+00
176.00 2.8754078055E+00 4.2273562776E-02 6.9402609417E-13 -8.5505210981E-15 4.2273562776E-02 2.8754078055E+00 2.6291331455E-12 -1.5667759192E-13 -6.5532965595E-13 2.6172500066E-12 -2.8749088512E+00 -3.2895155091E-02 1.3746552605E-14 -1.8652603697E-13 3.2895155091E-02 -2.8749088512E+00
177.00 2.8923378428E+00 2.3881979711E-02 5.1866022048E-13 -5.2924908716E-14 2.3881979711E-02 2.8923378428E+00 2.8028481488E-12 -1.2024665409E-13 -4.9518962638E-13 2.7978321195E-12 -2.8921793723E+00 -1.8609861054E-02 5.5121200237E-14 -1.3781899814E-13 1.8609861054E-02 -2.8921793723E+00
178.00 2.9045427257E+00 1.0647042192E-02 3.4383970677E-13 -9.6895791033E-14 1.0647042192E-02 2.9045427257E+00 2.9765255557E-12 -8.2107354760E-14 -3.3265347957E-13 2.9750392293E-12 -2.9045113382E+00 -8.3049467023E-03 9.7547022873E-14 -9.0259660965E-14 8.3049467023E-03 -2.9045113382E+00
179.00 2.9119107112E+00 2.6666947749E-03 1.7059523712E-13 -1.4048987053E-13 2.6666947749E-03 2.9119107112E+00 3.1489204313E-12 -4.2068166527E-14 -1.6761112906E-13 3.1487347412E-12 -2.9119087463E+00 -2.0813352980E-03 1.4057124260E-13 -4.4190146423E-14 2.0813352980E-03 -2.9119087463E+00
180.00 2.9143742415E+00 2.0302769882E-15 3.2251260471E-18 -1.8392851906E-13 2.0302769882E-15 2.9143742415E+00 3.3191805513E-12 -2.1337817099E-18 -3.2251260448E-18 3.3191805513E-12 -2.9143742415E+00 4.4501078170E-16 1.8392851906E-13 -2.1337817093E-18 -4.4501078170E-16 -2.9143742415E+00
