theta s11 s12 s13 s14 s21 s22 s23 s24 s31 s32 s33 s34 s41 s42 s43 s44
0.00 1.3778910115E+001 2.6645352591E-015 -9.9476898046E-018 -4.7797670278E-017 2.6645352591E-015 1.3778910115E+001 3.4469207808E-017 -3.8878069590E-017 -9.9476898046E-018 -3.4469207808E-017 1.3778910115E+001 -2.6645352591E-015 -4.7797670278E-017 3.8878069590E-017 2.6645352591E-015 1.3778910115E+001
1.00 1.3771336387E+001 -1.4009949767E-003 1.4773239613E-017 6.6227411158E-018 -1.4009949767E-003 1.3771336387E+001 3.3236211574E-017 1.1317518143E-017 1.4776852766E-017 -3.3238110853E-017 1.3771336307E+001 4.8208105364E-004 6.6233752353E-018 -1.1317028420E-017 -4.8208105364E-004 1.3771336307E+001
2.00 1.3748639843E+001 -5.5948821947E-003 -1.8860718268E-017 -2.8488248199E-017 -5.5948821947E-003 1.3748639843E+001 3.8883323382E-017 -2.4210842010E-017 -1.8848889214E-017 -3.8872257294E-017 1.3748638569E+001 1.9262789647E-003 -2.8495462358E-017 2.4227883554E-017 -1.9262789647E-003 1.3748638569E+001
3.00 1.3710894270E+001 -1.2554437210E-002 -2.0069223571E-017 6.8561503796E-018 -1.2554437210E-002 1.3710894270E+001 2.2675034738E-018 2.6582056529E-018 -2.0064990509E-017 -2.2499686145E-018 1.3710887839E+001 4.3264683777E-003 6.8649190977E-018 -2.6637747879E-018 -4.3264683777E-003 1.3710887839E+001
4.00 1.3658222211E+001 -2.2234514303E-002 -1.7165078040E-017 -5.9814409613E-017 -2.2234514303E-002 1.3658222211E+001 2.5211112554E-018 -5.5231902952E-017 -1.7194645105E-017 -2.4620895891E-018 1.3658201958E+001 7.6724749469E-003 -5.9894752581E-017 5.5330741239E-017 -7.6724749469E-003 1.3658201958E+001
5.00 1.3590794312E+001 -3.4572386853E-002 7.3195624204E-017 -2.4850434800E-017 -3.4572386853E-002 1.3590794312E+001 7.0212541288E-017 -1.6280756940E-017 7.3352553474E-017 -7.0384566511E-017 1.3590745085E+001 1.1950126975E-002 -2.4956437837E-017 1.6405918937E-017 -1.1950126975E-002 1.3590745085E+001
6.00 1.3508828409E+001 -4.9488219564E-002 -1.9185964296E-017 3.6527556756E-020 -4.9488219564E-002 1.3508828409E+001 3.8950414614E-017 5.0727973005E-018 -1.9043315936E-017 -3.8886795500E-017 1.3508726886E+001 1.7141327243E-002 7.9275857919E-020 -5.0236254872E-018 -1.7141327243E-002 1.3508726886E+001
7.00 1.3412588382E+001 -6.6885668305E-002 -8.6678444152E-017 -9.3418826008E-018 -6.6885668305E-002 1.3412588382E+001 -7.9208954289E-017 -1.7456050965E-017 -8.7090720955E-017 7.9672378662E-017 1.3412401502E+001 2.3224144579E-002 -9.2782622231E-018 1.7364924660E-017 -2.3224144579E-002 1.3412401502E+001
8.00 1.3302382753E+001 -8.6652602196E-002 -6.7799328244E-017 -1.7001587559E-016 -8.6652602196E-002 1.3302382753E+001 -4.3213015814E-017 -1.6631566270E-016 -6.8470199772E-017 4.4035250162E-017 1.3302066299E+001 3.0172924576E-002 -1.7094802708E-016 1.6732725569E-016 -3.0172924576E-002 1.3302066299E+001
9.00 1.3178563067E+001 -1.0866194148E-001 8.8434806903E-018 -6.3036493299E-017 -1.0866194148E-001 1.3178563067E+001 9.0579737590E-017 -8.2540669883E-017 9.4070913498E-018 -9.0416104366E-017 1.3178060413E+001 3.7958418760E-002 -6.3746597290E-017 8.3324033228E-017 -3.7958418760E-002 1.3178060413E+001
10.00 1.3041522049E+001 -1.3277260372E-001 1.6231706989E-016 9.9596883712E-017 -1.3277260372E-001 1.3041522049E+001 2.7134562242E-016 7.9069557636E-017 1.6544547109E-016 -2.7329640785E-016 1.3040763094E+001 4.6547931398E-002 9.9817171138E-017 -7.9112681289E-017 -4.6547931398E-002 1.3040763094E+001
11.00 1.2891691560E+001 -1.5883054993E-001 1.9525707861E-016 -4.2319736682E-017 -1.5883054993E-001 1.2891691560E+001 1.3696356891E-016 -3.0238770160E-017 1.9677245324E-016 -1.3924506518E-016 1.2890591868E+001 5.5905483004E-002 -4.3549318563E-017 3.1366684468E-017 -5.5905483004E-002 1.2890591868E+001
12.00 1.2729540364E+001 -1.8666992146E-001 -8.7420117753E-017 -1.1167797220E-016 -1.8666992146E-001 1.2729540364E+001 -1.0182906694E-018 -1.3331263016E-016 -8.8032495615E-017 3.0002174325E-018 1.2728000522E+001 6.5991989539E-002 -1.1319022742E-016 1.3495108141E-016 -6.5991989539E-002 1.2728000522E+001
13.00 1.2555571720E+001 -2.1611425749E-001 2.1203335188E-017 4.5484242589E-017 -2.1611425749E-001 1.2555571720E+001 1.4879098668E-016 5.3987730619E-017 2.4051353243E-017 -1.4951023282E-016 1.2553476925E+001 7.6765456170E-002 4.6274181937E-017 -5.3865506737E-017 -7.6765456170E-002 1.2553476925E+001
14.00 1.2370320817E+001 -2.4697778275E-001 -6.4082711147E-017 1.1660649297E-016 -2.4697778275E-001 1.2370320817E+001 6.4823288327E-018 7.1379789853E-017 -6.3122695780E-017 -5.7294323839E-018 1.2367540708E+001 8.8181184390E-002 1.1850821585E-016 -7.3683596989E-017 -8.8181184390E-002 1.2367540708E+001
15.00 1.2174352074E+001 -2.7906675405E-001 3.3299525943E-016 2.2314941209E-016 -2.7906675405E-001 1.2174352074E+001 2.5784129918E-016 6.0082206512E-017 3.4083198851E-016 -2.6607200399E-016 1.2170740805E+001 1.0019199123E-001 2.2178747062E-016 -6.3026338822E-017 -1.0019199123E-001 1.2170740805E+001
16.00 1.1968256319E+001 -3.1218085427E-001 -2.0630541527E-016 -1.4693524375E-016 -3.1218085427E-001 1.1968256319E+001 -2.3024924798E-016 -1.2131812017E-016 -2.1378908075E-016 2.3688006753E-016 1.1963652880E+001 1.1274843920E-001 -1.4814266901E-016 1.2296652914E-016 -1.1274843920E-001 1.1963652880E+001
17.00 1.1752647869E+001 -3.4611462171E-001 1.2413016481E-016 7.0778165995E-017 -3.4611462171E-001 1.1752647869E+001 2.3507852986E-016 -1.6974371214E-017 1.3185546490E-016 -2.3866453503E-016 1.1746876657E+001 1.2579907560E-001 6.8900739466E-017 1.7453169331E-017 -1.2579907560E-001 1.1746876657E+001
18.00 1.1528161525E+001 -3.8065890291E-001 1.9357932537E-016 -1.0412932132E-017 -3.8065890291E-001 1.1528161525E+001 -1.2994770783E-017 1.9151976264E-017 1.9312319626E-016 6.3784176799E-018 1.1521033159E+001 1.3929067969E-001 -1.2121469718E-017 -1.8896895070E-017 -1.3929067969E-001 1.1521033159E+001
19.00 1.1295449516E+001 -4.1560231662E-001 2.7603652357E-016 1.4765886064E-016 -4.1560231662E-001 1.1295449516E+001 3.0879582313E-016 1.4476568492E-016 2.8964387045E-016 -3.2117846491E-016 1.1286761887E+001 1.5316851633E-001 1.4917244245E-016 -1.4595562818E-016 -1.5316851633E-001 1.1286761887E+001
20.00 1.1055178397E+001 -4.5073271703E-001 -2.5664340201E-017 -1.5793108368E-016 -4.5073271703E-001 1.1055178397E+001 8.3125554715E-017 -1.1306994615E-016 -2.4756177413E-017 -8.0325671131E-017 1.1044717945E+001 1.6737659455E-001 -1.6231985578E-016 1.2083946158E-016 -1.6737659455E-001 1.1044717945E+001
21.00 1.0808025930E+001 -4.8583864414E-001 3.7070840436E-016 3.0379607489E-016 -4.8583864414E-001 1.0808025930E+001 2.4847290611E-016 2.6562657146E-016 3.8753325093E-016 -2.7007627324E-016 1.0795569138E+001 1.8185792946E-001 3.0957251729E-016 -2.7505536720E-016 -1.8185792946E-001 1.0795569138E+001
22.00 1.0554677963E+001 -5.2071074979E-001 4.7536403215E-017 1.1588749985E-016 -5.2071074979E-001 1.0554677963E+001 4.4406369399E-017 1.7165117280E-016 5.2100615250E-017 -5.0111527797E-017 1.0539993047E+001 1.9655480618E-001 1.2355750327E-016 -1.7668105168E-016 -1.9655480618E-001 1.0539993047E+001
23.00 1.0295825337E+001 -5.5514318801E-001 -5.4517046454E-017 -1.3484223855E-016 -5.5514318801E-001 1.0295825337E+001 -8.8110736308E-017 -1.6955678412E-016 -6.2306828168E-017 9.4805084754E-017 1.0278674118E+001 2.1140904407E-001 -1.4294335884E-016 1.7517250875E-016 -2.1140904407E-001 1.0278674118E+001
24.00 1.0032160824E+001 -5.8893495897E-001 8.4072083439E-017 -2.7523802120E-017 -5.8893495897E-001 1.0032160824E+001 1.6112463734E-016 -4.6848640317E-017 9.2983047994E-017 -1.6520713351E-016 1.0012300762E+001 2.2636225992E-001 -3.2436287326E-017 5.2295620746E-017 -2.2636225992E-001 1.0012300762E+001
25.00 9.7643761290E+000 -6.2189119632E-001 1.4802562684E-017 4.6363677299E-017 -6.2189119632E-001 9.7643761290E+000 1.4766856322E-016 -8.3689328142E-017 2.5267749173E-017 -1.4686421088E-016 9.7415624901E+000 2.4135612864E-001 4.0503584693E-017 8.4564205530E-017 -2.4135612864E-001 9.7415624901E+000
26.00 9.4931589626E+000 -6.5382438851E-001 -2.6750045806E-016 -2.4298127487E-016 -6.5382438851E-001 9.4931589626E+000 -4.9312581277E-017 -2.8209967545E-016 -2.7856142145E-016 7.5980089405E-017 9.4671471064E+000 2.5633263990E-001 -2.5558904951E-016 2.9759841452E-016 -2.5633263990E-001 9.4671471064E+000
27.00 9.2191902114E+000 -6.8455552527E-001 -2.9764517287E-016 -5.1701224167E-016 -6.8455552527E-001 9.2191902114E+000 -1.4729006816E-016 -5.2810516074E-016 -3.2575672291E-016 1.8654522965E-016 9.1897379622E+000 2.7123434955E-001 -5.4839377479E-016 5.6280473528E-016 -2.7123434955E-001 9.1897379622E+000
28.00 8.9431412124E+000 -7.1391516135E-001 -2.2523783018E-016 -1.6136683643E-016 -7.1391516135E-001 8.9431412124E+000 1.1726084423E-017 -1.4398394731E-016 -2.3046764265E-016 1.1319834052E-017 8.9100112930E+000 2.8600462439E-001 -1.6610572848E-016 1.5708548881E-016 -2.8600462439E-001 8.9100112930E+000
29.00 8.6656711508E+000 -7.4174439054E-001 -5.2272158092E-016 -3.0513170144E-016 -7.4174439054E-001 8.6656711508E+000 -1.9868448314E-016 -2.9411438160E-016 -5.5292982247E-016 2.5536572886E-016 8.6286336508E+000 3.0058787902E-001 -3.1246252670E-016 3.1271096977E-016 -3.0058787902E-001 8.6286336508E+000
30.00 8.3874245933E+000 -7.6789572383E-001 -3.1406021927E-018 2.9414404634E-016 -7.6789572383E-001 8.3874245933E+000 -4.5712264211E-017 2.5646602453E-016 4.6755501423E-018 3.5430099404E-017 8.3462594427E+000 3.1492980373E-001 3.1901449027E-016 -2.8613050043E-016 -3.1492980373E-001 8.3462594427E+000
31.00 8.1090291684E+000 -7.9223386656E-001 -2.5795019611E-016 -7.4279450484E-017 -7.9223386656E-001 8.1090291684E+000 9.2066859052E-017 -9.8018623025E-017 -2.5337898602E-016 -6.2819160724E-017 8.0635285890E+000 3.2897758220E-001 -7.3991415856E-017 1.0843251256E-016 -3.2897758220E-001 8.0635285890E+000
32.00 7.8310934044E+000 -8.1463639057E-001 -5.6481892144E-017 1.2413906324E-016 -8.1463639057E-001 7.8310934044E+000 9.1360564900E-017 9.7751145208E-017 -4.1247100684E-017 -9.0763623554E-017 7.7810643108E+000 3.4268009813E-001 1.3698778951E-016 -1.0737909701E-016 -3.4268009813E-001 7.7810643108E+000
33.00 7.5542047335E+000 -8.3499429799E-001 -2.4689090130E-016 8.2983515241E-017 -8.3499429799E-001 7.5542047335E+000 -3.7141972319E-017 8.0412117446E-017 -2.4787683192E-016 6.0482227378E-017 7.4994710567E+000 3.5598812974E-001 1.0430860084E-016 -9.3109408654E-017 -3.5598812974E-001 7.4994710567E+000
34.00 7.2789276709E+000 -8.5321247491E-001 8.5608600808E-017 1.2016822791E-017 -8.5321247491E-001 7.2789276709E+000 1.9282236841E-016 -5.8284490524E-017 1.0908622184E-016 -2.0107687543E-016 7.2193325762E+000 3.6885453148E-001 -3.4579619383E-019 6.7618966057E-017 -3.6885453148E-001 7.2193325762E+000
35.00 7.0058021726E+000 -8.6921003354E-001 -7.3466308098E-018 1.4451438246E-016 -8.6921003354E-001 7.0058021726E+000 3.5536080526E-017 8.0109013073E-017 5.5802035780E-018 -4.0260069652E-017 6.9412101488E+000 3.8123440211E-001 1.5558430646E-016 -9.6740008022E-017 -3.8123440211E-001 6.9412101488E+000
36.00 6.7353421786E+000 -8.8292054303E-001 3.6364154752E-016 -1.1885459747E-016 -8.8292054303E-001 6.7353421786E+000 1.3046283562E-016 -1.3976304000E-016 3.7524588889E-016 -1.7014606061E-016 6.6656409724E+000 3.9308523856E-001 -1.6073917975E-016 1.6700163922E-016 -3.9308523856E-001 6.6656409724E+000
37.00 6.4680343432E+000 -8.9429214974E-001 3.0398959506E-017 1.8704746460E-017 -8.9429214974E-001 6.4680343432E+000 -1.8081947081E-016 6.9536962179E-017 7.2446879676E-018 1.7337667256E-016 6.3931367171E+000 4.0436707508E-001 2.8192700480E-017 -8.3934195236E-017 -4.0436707508E-001 6.3931367171E+000
38.00 6.2043369544E+000 -9.0328758881E-001 -2.2347999482E-017 -1.0393245235E-016 -9.0328758881E-001 6.2043369544E+000 7.4340300593E-018 -6.1484062222E-017 -2.9160474733E-017 1.0204870436E-018 6.1241822483E+000 4.1504260725E-001 -1.1238511165E-016 7.7549159834E-017 -4.1504260725E-001 6.1241822483E+000
39.00 5.9446790425E+000 -9.0988408982E-001 -7.5716035762E-016 -3.5865076392E-016 -9.0988408982E-001 5.9446790425E+000 -6.4374242819E-016 -4.4248848171E-016 -8.9484333909E-016 8.0309354785E-016 5.8592345191E+000 4.2507730047E-001 -3.6767589885E-016 4.4637329019E-016 -4.2507730047E-001 5.8592345191E+000
40.00 5.6894596760E+000 -9.1407318016E-001 2.0885644554E-016 5.8700666161E-017 -9.1407318016E-001 5.6894596760E+000 4.0434295817E-017 -5.3310377430E-017 2.2146278666E-016 -7.1299112893E-017 5.5987216364E+000 4.3443948287E-001 3.3763655457E-017 5.0123172049E-017 -4.3443948287E-001 5.5987216364E+000
41.00 5.4390474435E+000 -9.1586039034E-001 -3.7335239784E-016 -2.0009369780E-016 -9.1586039034E-001 5.4390474435E+000 -5.8749847807E-016 -2.0937308645E-016 -4.9721380120E-016 6.7790929714E-016 5.3430420973E+000 4.4310042236E-001 -1.9834393358E-016 1.9121431729E-016 -4.4310042236E-001 5.3430420973E+000
42.00 5.1937801167E+000 -9.1526486653E-001 1.1438084960E-016 2.4862565294E-016 -9.1526486653E-001 5.1937801167E+000 2.8547814060E-016 -6.2003358206E-018 1.8883972569E-016 -3.1265427553E-016 5.0925641975E+000 4.5103438796E-001 2.3572777221E-016 -1.0669932129E-017 -4.5103438796E-001 5.0925641975E+000
43.00 4.9539644896E+000 -9.1231889600E-001 -2.8954278192E-016 -1.1917713454E-016 -9.1231889600E-001 4.9539644896E+000 -2.5151776037E-016 -8.1225708588E-017 -3.5303261561E-016 3.1864608706E-016 4.8476256068E+000 4.5821869538E-001 -1.0370786391E-016 7.5316714432E-017 -4.5821869538E-001 4.8476256068E+000
44.00 4.7198763885E+000 -9.0706735173E-001 7.0119721480E-016 3.4168236190E-016 -9.0706735173E-001 4.7198763885E+000 5.8989425019E-016 5.2163999014E-016 8.7102174766E-016 -7.9472295523E-016 4.6085331107E+000 4.6463373712E-001 3.6479178659E-016 -5.2136982279E-016 -4.6463373712E-001 4.6085331107E+000
45.00 4.4917608446E+000 -8.9956706318E-001 4.8519800083E-016 3.3689399729E-016 -8.9956706318E-001 4.4917608446E+000 2.1747888291E-016 3.7894825372E-016 5.8161835550E-016 -3.6800768384E-016 4.3755625121E+000 4.7026299729E-001 3.6123882084E-016 -4.1872176901E-016 -4.7026299729E-001 4.3755625121E+000
46.00 4.2698324226E+000 -8.8988612034E-001 4.3363334587E-016 5.3293789997E-016 -8.8988612034E-001 4.2698324226E+000 4.0197951649E-016 4.4593257598E-016 5.9839488220E-016 -5.6493064304E-016 4.1489586890E+000 4.7509305156E-001 5.7558815667E-016 -5.0854128625E-016 -4.7509305156E-001 4.1489586890E+000
47.00 4.0542756958E+000 -8.7810311869E-001 1.9843841114E-016 3.5901481221E-016 -8.7810311869E-001 4.0542756958E+000 2.7772593394E-016 2.9401228887E-016 3.1534016860E-016 -3.7218332838E-016 3.9289358018E+000 4.7911355265E-001 3.9772459153E-016 -3.3824447475E-016 -4.7911355265E-001 3.9289358018E+000
48.00 3.8452458575E+000 -8.6430635296E-001 2.1602554407E-016 2.6629044311E-016 -8.6430635296E-001 3.8452458575E+000 9.4688311923E-017 3.6486114431E-016 2.8752744466E-016 -2.0189134212E-016 3.7156776434E+000 4.8231720183E-001 3.2312399268E-016 -4.1331940109E-016 -4.8231720183E-001 3.7156776434E+000
49.00 3.6428694604E+000 -8.4859296766E-001 3.4011329060E-016 6.3338934336E-016 -8.4859296766E-001 3.6428694604E+000 5.0706408900E-016 7.0664289928E-016 5.7903318085E-016 -7.1738294751E-016 3.5093381249E+000 4.8469970707E-001 7.4838889382E-016 -7.8760785564E-016 -4.8469970707E-001 3.5093381249E+000
50.00 3.4472452721E+000 -8.3106807248E-001 6.7848989500E-017 3.0891650431E-016 -8.3106807248E-001 3.4472452721E+000 3.5938802714E-017 1.9704802516E-016 1.3137960345E-016 -9.3976734999E-017 3.3100418881E+000 4.8625972850E-001 3.5189484316E-016 -2.6897134398E-016 -4.8625972850E-001 3.3100418881E+000
51.00 3.2584452367E+000 -8.1184383077E-001 2.0984116535E-017 -1.3743384112E-016 -8.1184383077E-001 3.2584452367E+000 7.1368148942E-017 -1.3851062516E-016 1.2149191315E-017 -5.0615065772E-017 3.1178850384E+000 4.8699881164E-001 -1.8159305948E-016 1.8844619750E-016 -4.8699881164E-001 3.1178850384E+000
52.00 3.0765155309E+000 -7.9103852905E-001 -7.1430000341E-018 3.1735362781E-017 -7.9103852905E-001 3.0765155309E+000 6.8427274365E-017 -1.1272702890E-016 1.1134896157E-017 -5.0255476747E-017 2.9329359856E+000 4.8692130957E-001 1.0368774307E-018 1.1802951879E-016 -4.8692130957E-001 2.9329359856E+000
53.00 2.9014777031E+000 -7.6877563551E-001 1.2565008449E-016 5.8142604025E-017 -7.6877563551E-001 2.9014777031E+000 6.6060476614E-017 -5.1249899675E-018 1.5643251320E-016 -1.0332073635E-016 2.7552363871E+000 4.8603429432E-001 3.2203384077E-017 7.4000358138E-018 -4.8603429432E-001 2.7552363871E+000
54.00 2.7333298856E+000 -7.4518285533E-001 8.8025201733E-017 3.1277607151E-016 -7.4518285533E-001 2.7333298856E+000 -1.9477683169E-017 2.1734348628E-016 1.5571819097E-016 -6.2547274073E-017 2.5848021810E+000 4.8434745872E-001 3.6422869042E-016 -3.0828363004E-016 -4.8434745872E-001 2.5848021810E+000
55.00 2.5720480664E+000 -7.2039119006E-001 2.1224634550E-017 1.7502517170E-016 -7.2039119006E-001 2.5720480664E+000 -7.8878043380E-017 1.5891167122E-016 4.3744135181E-017 3.2240798476E-017 2.4216247009E+000 4.8187300933E-001 2.2446608020E-016 -2.2726519877E-016 -4.8187300933E-001 2.4216247009E+000
56.00 2.4175874118E+000 -6.9453400837E-001 -1.7952141727E-017 -1.6279147121E-016 -6.9453400837E-001 2.4175874118E+000 -2.1730024219E-016 -2.9193589692E-016 -1.3533013574E-016 3.0032022919E-016 2.2656718620E+000 4.7862555131E-001 -2.3461012528E-016 2.9797069845E-016 -4.7862555131E-001 2.2656718620E+000
57.00 2.2698836268E+000 -6.6774613486E-001 -1.4161800755E-016 1.4689927857E-016 -6.6774613486E-001 2.2698836268E+000 1.5227413414E-017 1.3504074413E-016 -9.7292312408E-017 -1.3816341834E-017 2.1168894085E+000 4.7462196622E-001 2.2192669531E-016 -1.8804036649E-016 -4.7462196622E-001 2.1168894085E+000
58.00 2.1288543447E+000 -6.4016296318E-001 -1.8994442638E-017 2.5717348647E-018 -6.4016296318E-001 2.1288543447E+000 6.2690176048E-017 -2.8462450156E-017 -1.5987503950E-018 -5.1402455648E-017 1.9752022126E+000 4.6988128365E-001 -6.0725603317E-018 4.2071202925E-017 -4.6988128365E-001 1.9752022126E+000
59.00 1.9944005332E+000 -6.1191959946E-001 -5.6884742414E-017 1.9799191017E-016 -6.1191959946E-001 1.9944005332E+000 1.4496289558E-017 1.9142682019E-016 1.2574850649E-017 -6.1812437942E-017 1.8405156154E+000 4.6442454736E-001 2.7501691418E-016 -2.5766131249E-016 -4.6442454736E-001 1.8405156154E+000
60.00 1.8664079100E+000 -5.8315004128E-001 7.8685123292E-018 -8.3705124268E-017 -5.8315004128E-001 1.8664079100E+000 -6.2909257152E-017 -1.2215725349E-016 -4.5148413027E-017 1.0182962437E-016 1.7127167997E+000 4.5827467711E-001 -1.2072838842E-016 1.3437246172E-016 -4.5827467711E-001 1.7127167997E+000
61.00 1.7447483560E+000 -5.5398639704E-001 -3.2349021592E-016 2.4945586237E-016 -5.5398639704E-001 1.7447483560E+000 -3.3753108328E-016 1.9532049532E-016 -3.4729782790E-016 3.6765175003E-016 1.5916761865E+000 4.5145632685E-001 4.3993395824E-016 -4.0520740440E-016 -4.5145632685E-001 1.5916761865E+000
62.00 1.6292813190E+000 -5.2455815013E-001 3.1324402013E-017 7.2719861678E-017 -5.2455815013E-001 1.6292813190E+000 -3.4416742879E-017 7.8824567055E-018 4.3357455401E-017 1.5097951186E-017 1.4772488437E+000 4.4399574023E-001 6.9971551506E-017 -3.9053651547E-017 -4.4399574023E-001 1.4772488437E+000
63.00 1.5198551988E+000 -4.9499147137E-001 -1.7132080619E-016 -3.9385691957E-017 -4.9499147137E-001 1.5198551988E+000 -3.0581952239E-016 -1.5032168080E-016 -3.0138583257E-016 4.1679170323E-016 1.3692759018E+000 4.3592060424E-001 -2.1092932320E-018 4.8401259723E-017 -4.3592060424E-001 1.3692759018E+000
64.00 1.4163087063E+000 -4.6540858318E-001 1.3835710038E-017 2.0436664055E-016 -4.6540858318E-001 1.4163087063E+000 7.4147981506E-017 1.2019429426E-016 1.2080077856E-016 -1.4231703961E-016 1.2675859650E+000 4.2725990183E-001 2.3175736228E-016 -1.6136171851E-016 -4.2725990183E-001 1.2675859650E+000
65.00 1.3184721900E+000 -4.3592717772E-001 2.4460714424E-016 2.1131918068E-016 -4.3592717772E-001 1.3184721900E+000 1.0227323676E-016 1.7661072382E-016 3.7387837178E-016 -2.7052419809E-016 1.1719965114E+000 4.1804376422E-001 1.7006053643E-016 -1.8078991337E-016 -4.1804376422E-001 1.1719965114E+000
66.00 1.2261689225E+000 -4.0665989134E-001 1.1012878643E-016 3.0565479596E-017 -4.0665989134E-001 1.2261689225E+000 -2.9801790874E-018 1.1305146193E-016 1.3370576538E-016 -7.9358206326E-017 1.0823152752E+000 4.0830332385E-001 2.6664529867E-017 -1.0962399512E-016 -4.0830332385E-001 1.0823152752E+000
67.00 1.1392163431E+000 -3.7771383648E-001 2.3186383376E-017 2.1991350089E-017 -3.7771383648E-001 1.1392163431E+000 8.3175668730E-017 2.9017474020E-017 6.2391066224E-017 -1.0371577141E-016 9.9834160320E-001 3.9807056841E-001 1.1195726627E-017 -7.7550380871E-020 -3.9807056841E-001 9.9834160320E-001
68.00 1.0574272495E+000 -3.4919019215E-001 -8.3418767452E-017 -1.0739747372E-016 -3.4919019215E-001 1.0574272495E+000 -7.8917490999E-017 -2.0627982480E-016 -1.7906278172E-016 2.0335103998E-016 9.1986777870E-001 3.8737819690E-001 -1.2635608299E-016 1.9226055868E-016 -3.8737819690E-001 9.1986777870E-001
69.00 9.8061093597E-001 -3.2118385316E-001 8.0164716946E-017 1.0089621581E-016 -3.2118385316E-001 9.8061093597E-001 6.2787898899E-017 -2.5484961915E-017 1.3720220607E-016 -8.9372297560E-017 8.4668030876E-001 3.7625947824E-001 4.6216905577E-017 3.0958285875E-017 -3.7625947824E-001 8.4668030876E-001
70.00 9.0857427327E-001 -2.9378313813E-001 -6.7103797337E-018 -6.4080547867E-017 -2.9378313813E-001 9.0857427327E-001 2.7580869655E-017 -1.0335299620E-017 -2.8114378602E-017 -1.0394398078E-017 7.7856116772E-001 3.6474811296E-001 -6.5510083904E-017 4.1111103658E-017 -3.6474811296E-001 7.7856116772E-001
71.00 8.4112272801E-001 -2.6706955548E-001 -2.5833719627E-017 -3.2551536036E-017 -2.6706955548E-001 8.4112272801E-001 -4.4968693406E-017 -2.0524018201E-016 -8.3528187165E-017 1.5086765370E-016 7.1528899304E-001 3.5287809870E-001 -7.3701641724E-017 1.7907141939E-016 -3.5287809870E-001 7.1528899304E-001
72.00 7.7806131869E-001 -2.4111762653E-001 5.4320983677E-017 3.2230310189E-017 -2.4111762653E-001 7.7806131869E-001 -9.4246665529E-018 1.0615344529E-017 6.5192626063E-017 -1.6897061364E-017 6.5664022920E-001 3.4068359985E-001 8.2642603253E-018 -1.5646518000E-017 -3.4068359985E-001 6.5664022920E-001
73.00 7.1919550680E-001 -2.1599476402E-001 9.0823810215E-018 6.3194796052E-017 -2.1599476402E-001 7.1919550680E-001 5.9722763022E-017 -3.8720291320E-017 5.0738870080E-017 -4.7591766162E-017 6.0239021590E-001 3.2819882193E-001 3.3920862693E-017 4.9498274175E-017 -3.2819882193E-001 6.0239021590E-001
74.00 6.6433202200E-001 -1.9176120425E-001 -3.4811044716E-017 -1.4991417186E-016 -1.9176120425E-001 6.6433202200E-001 5.3845528853E-017 -1.1670032785E-016 -1.1258222736E-016 4.3146033457E-017 5.5231421766E-001 3.1545789095E-001 -1.5653485924E-016 1.6777538440E-016 -3.1545789095E-001 5.5231421766E-001
75.00 6.1327962045E-001 -1.6846999073E-001 -4.2938018716E-017 3.5994198791E-017 -1.6846999073E-001 6.1327962045E-001 1.3762676504E-017 1.6360957342E-017 -1.3356980082E-017 -1.5760119803E-017 5.0618839217E-001 3.0249473833E-001 5.7036580740E-017 -2.2383821725E-017 -3.0249473833E-001 5.0618839217E-001
76.00 5.6584977663E-001 -1.4616700661E-001 -5.5308288666E-017 8.1076234831E-017 -1.4616700661E-001 5.6584977663E-001 -7.6839647974E-017 1.3585531815E-017 -1.9661132736E-017 6.1112411285E-017 4.6379069545E-001 2.8934299145E-001 1.1546487968E-016 -8.0252771254E-017 -2.8934299145E-001 4.6379069545E-001
77.00 5.2185730868E-001 -1.2489105326E-001 5.5139354638E-017 -5.4638956170E-017 -1.2489105326E-001 5.2185730868E-001 -1.2862663295E-017 -8.4145853100E-017 3.0078419996E-018 5.4261938188E-017 4.2490172246E-001 2.7603587029E-001 -9.3793630419E-017 8.4155469368E-017 -2.7603587029E-001 4.2490172246E-001
78.00 4.8112093845E-001 -1.0467397186E-001 1.2430978810E-016 1.3655325068E-016 -1.0467397186E-001 4.8112093845E-001 5.6412830633E-018 6.8820575301E-017 1.9344251954E-016 -8.4214338308E-017 3.8930548211E-001 2.6260609024E-001 5.6775895420E-017 -6.4960279089E-017 -2.6260609024E-001 3.8930548211E-001
79.00 4.4346378728E-001 -8.5540804944E-002 -1.1676051081E-016 1.8788981338E-017 -8.5540804944E-002 4.4346378728E-001 4.3407476714E-017 6.7109700079E-017 -7.2060308006E-017 -5.8718059118E-017 3.5679010619E-001 2.4908577127E-001 8.9750381049E-017 -4.6924264477E-017 -2.4908577127E-001 3.5679010619E-001
80.00 4.0871380940E-001 -6.7509994292E-002 1.1789348622E-016 -5.9300031378E-017 -6.7509994292E-002 4.0871380940E-001 2.8625762630E-017 -8.6798554807E-017 5.7282842871E-017 1.7639657631E-017 3.2714849233E-001 2.3550635370E-001 -1.3323303068E-016 1.0797806545E-016 -2.3550635370E-001 3.2714849233E-001
81.00 3.7670416471E-001 -5.0593611972E-002 -4.5561056165E-017 5.9351326395E-017 -5.0593611972E-002 3.7670416471E-001 3.1335732848E-017 7.5193858959E-017 8.1040967958E-018 -7.0351616177E-017 3.0017888128E-001 2.2189852044E-001 8.1164716067E-017 -5.2361172781E-017 -2.2189852044E-001 3.0017888128E-001
82.00 3.4727353337E-001 -3.4797620795E-002 -7.4648407497E-018 -8.7524769877E-017 -3.4797620795E-002 3.4727353337E-001 -2.4610481016E-018 -8.3878861822E-017 -6.4305327662E-017 5.8707191450E-017 2.7568536932E-001 2.0829212590E-001 -7.2254568905E-017 7.2351742165E-017 -2.0829212590E-001 2.7568536932E-001
83.00 3.2026637468E-001 -2.0122160676E-002 -4.4111650274E-018 2.4013910557E-016 -2.0122160676E-002 3.2026637468E-001 -3.7263211500E-017 2.2643628261E-016 1.4989735624E-016 -1.1759473056E-016 2.5347835713E-001 1.9471613151E-001 2.0624023006E-016 -2.1482881060E-016 -1.9471613151E-001 2.5347835713E-001
84.00 2.9553313288E-001 -6.5618573176E-003 4.7469601113E-017 3.0719770950E-017 -6.5618573176E-003 2.9553313288E-001 6.6184448620E-017 2.3811591306E-017 5.7833680347E-017 -6.8147734966E-017 2.3337493646E-001 1.8119854771E-001 -5.3322798563E-018 2.1894286299E-017 -1.8119854771E-001 2.3337493646E-001
85.00 2.7293039297E-001 5.8938503515E-003 1.1755018430E-016 1.1456851516E-016 5.8938503515E-003 2.7293039297E-001 1.0116844764E-016 1.0830197857E-016 1.6002362325E-016 -1.4288495367E-016 2.1519921657E-001 1.6776638258E-001 1.7585239716E-017 -2.2827035169E-017 -1.6776638258E-001 2.1519921657E-001
86.00 2.5232098935E-001 1.7260367475E-002 -1.4193011241E-016 -1.0009000855E-016 1.7260367475E-002 2.5232098935E-001 -1.2151626307E-016 -1.1144673305E-016 -1.6262575781E-016 1.5282436367E-016 1.9878259242E-001 1.5444559667E-001 8.9828478494E-018 1.4033973239E-017 -1.5444559667E-001 1.9878259242E-001
87.00 2.3357407060E-001 2.7557588700E-002 3.8175305445E-017 -5.5510638307E-017 2.7557588700E-002 2.3357407060E-001 -1.2761947652E-017 -4.4673344571E-017 8.8101990915E-019 3.7172882017E-017 1.8396395710E-001 1.4126106417E-001 -6.4464855466E-017 1.9861035745E-017 -1.4126106417E-001 1.8396395710E-001
88.00 2.1656512353E-001 3.6809535048E-002 -7.0895945239E-017 5.5669346100E-017 3.6809535048E-002 2.1656512353E-001 2.2623996476E-018 2.6936151526E-017 -2.6665542337E-017 -2.2264376885E-017 1.7058986094E-001 1.2823654005E-001 8.4905564782E-017 -5.4467573458E-018 -1.2823654005E-001 1.7058986094E-001
89.00 2.0117595964E-001 4.5043985369E-002 6.4176973690E-017 7.8701807571E-018 4.5043985369E-002 2.0117595964E-001 4.0091785248E-017 1.7946461121E-017 4.8116174074E-017 -3.1110651455E-017 1.5851462007E-001 1.1539463307E-001 -3.0138779727E-017 2.1077549690E-018 -1.1539463307E-001 1.5851462007E-001
90.00 1.8729466740E-001 5.2292105400E-002 1.0918611522E-017 -4.2405633259E-017 5.2292105400E-002 1.8729466740E-001 1.9263040369E-017 -1.9590278579E-017 -1.7242342612E-017 -9.2465867598E-018 1.4760037737E-001 1.0275678445E-001 -3.4865523202E-017 1.6272481359E-017 -1.0275678445E-001 1.4760037737E-001
91.00 1.7481553345E-001 5.8588077233E-002 2.0125004324E-017 -3.9780307443E-017 5.8588077233E-002 1.7481553345E-001 -1.3957865745E-017 -3.8739061541E-017 6.4108275550E-018 3.3164375001E-017 1.3771711870E-001 9.0343251862E-002 -3.8221417895E-017 1.0495140428E-017 -9.0343251862E-002 1.3771711870E-001
92.00 1.6363893584E-001 6.3968731867E-002 1.0895519727E-017 -2.4324325604E-017 6.3968731867E-002 1.6363893584E-001 1.0213228063E-017 -2.1062178958E-017 -2.6628344904E-018 9.8558221884E-019 1.2874264763E-001 7.8173098609E-002 -1.8835435653E-017 1.4086631789E-017 -7.8173098609E-002 1.2874264763E-001
93.00 1.5367121253E-001 6.8473187266E-002 -3.4964136327E-017 -1.2824549213E-016 6.8473187266E-002 1.5367121253E-001 -6.6150483979E-017 -1.0755089786E-016 -4.8588880341E-017 7.6624673767E-017 1.2056252165E-001 6.6264187609E-002 -7.5675132703E-017 2.2134801840E-017 -6.6264187609E-002 1.2056252165E-001
94.00 1.4482450809E-001 7.2142494173E-002 -1.4669196318E-017 -1.0488428096E-016 7.2142494173E-002 1.4482450809E-001 -4.5806831803E-017 -9.2386354463E-017 -2.1072068874E-017 6.0117898338E-017 1.1306995323E-001 5.4633179972E-002 -6.5212711388E-017 2.2364586519E-017 -5.4633179972E-002 1.1306995323E-001
95.00 1.3701660145E-001 7.5019291713E-002 -6.6000612169E-018 -3.7881493256E-017 7.5019291713E-002 1.3701660145E-001 -1.5852535132E-017 -2.2869160061E-017 -9.1431166736E-018 1.4503480450E-017 1.0616567876E-001 4.3295537849E-002 -2.9000983708E-017 -3.1679182399E-018 -4.3295537849E-002 1.0616567876E-001
96.00 1.3017071759E-001 7.7147474580E-002 1.2780129609E-018 1.3570940027E-018 7.7147474580E-002 1.3017071759E-001 7.7720014942E-018 -2.1000358518E-017 1.3423383953E-018 4.4771831026E-020 9.9757798587E-002 3.2265531240E-002 1.7577244972E-017 2.8437711801E-017 -3.2265531240E-002 9.9757798587E-002
97.00 1.2421532572E-001 7.8571873416E-002 -1.8643472746E-017 -8.9226672825E-017 7.8571873416E-002 1.2421532572E-001 -9.2480925117E-018 -7.9467815721E-017 -2.7368642648E-017 3.4596240430E-018 9.3761591299E-002 2.1556248490E-002 -4.5321541047E-017 2.9711923800E-017 -2.1556248490E-002 9.3761591299E-002
98.00 1.1908392649E-001 7.9337949755E-002 2.1235081727E-017 1.3769233453E-016 7.9337949755E-002 1.1908392649E-001 -3.3156415802E-018 1.2902073453E-016 3.9920396072E-017 1.6936849886E-017 8.8099305304E-002 1.1179610130E-002 6.4863267722E-017 -5.2547696155E-017 -1.1179610130E-002 8.8099305304E-002
99.00 1.1471483065E-001 7.9491506688E-002 -2.0359395285E-017 1.0143932013E-017 7.9491506688E-002 1.1471483065E-001 -2.2097476396E-017 1.4331672411E-017 -6.9953300427E-018 1.0939830611E-017 8.2699930684E-002 1.1463857858E-003 3.9217151001E-019 -1.0281026759E-017 -1.1463857858E-003 8.2699930684E-002
100.00 1.1105093121E-001 7.9078416208E-002 -2.1739607100E-017 1.7160706771E-017 7.9078416208E-002 1.1105093121E-001 4.9841237109E-018 1.1007774874E-017 -3.7256313687E-017 -2.9162264768E-017 7.7498954223E-002 -8.5337861605E-003 9.2555784408E-018 -1.4741704643E-018 8.5337861605E-003 7.7498954223E-002
101.00 1.0803947131E-001 7.8144363994E-002 9.9285243862E-018 8.8194599632E-018 7.8144363994E-002 1.0803947131E-001 -6.3186906728E-018 8.8419593223E-020 1.7352333952E-017 1.6802003266E-017 7.2438100412E-002 -1.7852376451E-002 1.7335085951E-017 1.3523186905E-017 1.7852376451E-002 7.2438100412E-002
102.00 1.0563180958E-001 7.6734612177E-002 -2.2045842340E-017 2.1274514736E-017 7.6734612177E-002 1.0563180958E-001 -1.2278105353E-017 1.4608916199E-017 -2.3479097938E-017 -5.5075175201E-018 6.7465061069E-002 -2.6801940667E-002 7.3663400410E-018 -8.6395496334E-019 2.6801940667E-002 6.7465061069E-002
103.00 1.0378318473E-001 7.4893780484E-002 -3.2096743898E-017 2.6358202301E-017 7.4893780484E-002 1.0378318473E-001 -2.7466628128E-017 3.3978460684E-017 -1.6741444561E-017 1.6050497102E-017 6.2533216120E-002 -3.5376093050E-002 -6.4203334243E-018 -1.5744009776E-017 3.5376093050E-002 6.2533216120E-002
104.00 1.0245248098E-001 7.2665645943E-002 1.4233461098E-017 8.1241773236E-018 7.2665645943E-002 1.0245248098E-001 1.8932390875E-017 7.4819823840E-018 -1.4998459973E-018 -8.5262204631E-018 5.7601347927E-002 -4.3569478717E-002 3.8768455884E-018 -9.5081463478E-018 4.3569478717E-002 5.7601347927E-002
105.00 1.0160199565E-001 7.0092961197E-002 5.3771138312E-017 -5.3637796045E-018 7.0092961197E-002 1.0160199565E-001 4.4141859498E-017 -1.7922467926E-017 1.6295313405E-017 -2.0688207913E-017 5.2633351400E-002 -5.1377744510E-002 2.9420216354E-017 7.2593107192E-018 5.1377744510E-002 5.2633351400E-002
106.00 1.0119721028E-001 6.7217291325E-002 -3.0593315295E-017 -4.5638493318E-018 6.7217291325E-002 1.0119721028E-001 -1.2810471166E-017 5.8141076297E-018 -9.8277238836E-018 2.8757129513E-018 4.7597941989E-002 -5.8797508744E-002 -3.0053884854E-017 -1.5253943233E-017 5.8797508744E-002 4.7597941989E-002
107.00 1.0120656632E-001 6.4078868914E-002 -7.2649175823E-018 -1.7372168017E-017 6.4078868914E-002 1.0120656632E-001 -7.7701664979E-018 7.5707309775E-020 1.7268929247E-017 1.4243574259E-017 4.2468363471E-002 -6.5826330064E-002 -1.4746941623E-017 -4.3149469052E-018 6.5826330064E-002 4.2468363471E-002
108.00 1.0160124635E-001 6.0716467018E-002 7.4191422501E-018 8.8485731797E-018 6.0716467018E-002 1.0160124635E-001 -5.0103458014E-018 2.3048287125E-017 1.1397929196E-017 2.5085106897E-017 3.7222097320E-002 -7.2462675654E-002 8.7458786129E-018 3.5606183924E-019 7.2462675654E-002 3.7222097320E-002
109.00 1.0235496170E-001 5.7167289535E-002 -2.7577684314E-017 -7.9965981455E-017 5.7167289535E-002 1.0235496170E-001 -2.8156029645E-017 -9.0214273340E-017 2.7698729881E-017 -4.5141232173E-017 3.1840575251E-002 -7.8705888977E-002 -2.6618750429E-017 3.4847337444E-017 7.8705888977E-002 3.1840575251E-002
110.00 1.0344374724E-001 5.3466878413E-002 5.3908688016E-017 -7.6907789318E-018 5.3466878413E-002 1.0344374724E-001 5.2973123685E-017 -4.4342755021E-018 1.5228411728E-017 -9.2262133491E-018 2.6308896408E-002 -8.4556157236E-002 2.7716094299E-017 -2.7847500826E-017 8.4556157236E-002 2.6308896408E-002
111.00 1.0484576379E-001 4.9649037052E-002 -7.3436036869E-017 -4.3807955390E-018 4.9649037052E-002 1.0484576379E-001 -7.3906049827E-017 -2.9572026388E-017 -2.0392534616E-017 -2.0513621805E-017 2.0615550480E-002 -9.0014478735E-002 -4.0101213633E-017 5.0276437707E-017 9.0014478735E-002 2.0615550480E-002
112.00 1.0654110869E-001 4.5745769148E-002 1.0418463784E-017 -9.1555608402E-017 4.5745769148E-002 1.0654110869E-001 -6.7620887379E-019 -6.8337531346E-017 6.9890095065E-017 -3.0885360395E-017 1.4752147883E-002 -9.5082630273E-002 1.1558300313E-018 1.0562077252E-017 9.5082630273E-002 1.4752147883E-002
113.00 1.0851163509E-001 4.1787232227E-002 3.5824700397E-019 6.1225219407E-018 4.1787232227E-002 1.0851163509E-001 -7.7035498874E-018 1.0528012417E-017 -1.9191218379E-018 9.5587443483E-018 8.7131580144E-003 -9.9763134721E-002 3.7840191085E-018 7.6943060903E-018 9.9763134721E-002 8.7131580144E-003
114.00 1.1074077983E-001 3.7801705019E-002 1.9205143864E-017 3.0401762852E-017 3.7801705019E-002 1.1074077983E-001 5.9332845643E-018 2.8041095017E-017 -2.1716344796E-017 1.8802580475E-017 2.4956564108E-003 -1.0405922888E-001 1.8803722568E-017 2.1147420845E-019 1.0405922888E-001 2.4956564108E-003
115.00 1.1321340063E-001 3.3815567823E-002 8.0178731565E-019 -5.4060245179E-019 3.3815567823E-002 1.1321340063E-001 -6.0165427983E-018 -2.6272550302E-018 -3.5395838651E-019 -2.8187190276E-018 -3.9009184622E-003 -1.0797483175E-001 2.7121608999E-018 6.4577138878E-018 1.0797483175E-001 -3.9009184622E-003
116.00 1.1591562222E-001 2.9853294978E-002 6.3757555088E-020 -3.8634663592E-018 2.9853294978E-002 1.1591562222E-001 -1.2436464803E-017 -1.4396477501E-017 -1.5569283210E-019 -1.5013818142E-017 -1.0474998220E-002 -1.1151451325E-001 3.3809865262E-018 1.1534052143E-017 1.1151451325E-001 -1.0474998220E-002
117.00 1.1883469177E-001 2.5937458536E-002 -2.1889364580E-017 -5.7850215794E-017 2.5937458536E-002 1.1883469177E-001 8.1073988268E-018 -7.3896700095E-018 6.0588146143E-017 7.2677781324E-018 -1.7223106903E-002 -1.1468346351E-001 -1.5416216442E-017 -1.2260015212E-017 1.1468346351E-001 -1.7223106903E-002
118.00 1.2195884357E-001 2.2088742250E-002 -9.5452384813E-018 2.3844500814E-017 2.2088742250E-002 1.2195884357E-001 -1.3751458736E-017 2.2861242958E-017 -1.8181596646E-017 1.6008184092E-017 -2.4140072322E-002 -1.1748746273E-001 -1.1058872555E-017 1.5769413783E-017 1.1748746273E-001 -2.4140072322E-002
119.00 1.2527717267E-001 1.8325964967E-002 -3.0640721297E-017 -3.4108995184E-017 1.8325964967E-002 1.2527717267E-001 -1.3687130272E-017 -8.0999787536E-019 4.0544838601E-017 1.7447418131E-018 -3.1219226154E-002 -1.1993285171E-001 -1.9360621748E-017 1.0069248495E-017 1.1993285171E-001 -3.1219226154E-002
120.00 1.2877951770E-001 1.4666112550E-002 3.0541722903E-017 2.1046960507E-017 1.4666112550E-002 1.2877951770E-001 3.0435969678E-017 1.5396012543E-017 -2.6712856657E-017 2.0634412993E-017 -3.8452592667E-002 -1.2202650302E-001 2.0156214687E-017 -2.1947318052E-017 1.2202650302E-001 -3.8452592667E-002
121.00 1.3245635235E-001 1.1124377457E-002 1.9455976633E-017 -9.2380404867E-018 1.1124377457E-002 1.3245635235E-001 2.2288318970E-017 -3.9882273740E-018 2.2512522919E-018 4.1741689508E-018 -4.5831066025E-002 -1.2377579284E-001 1.9650864356E-017 -2.0557227968E-017 1.2377579284E-001 -4.5831066025E-002
122.00 1.3629868564E-001 7.7142051424E-003 -1.3743745657E-017 2.0333884704E-017 7.7142051424E-003 1.3629868564E-001 -8.9774248384E-018 1.5818993878E-017 -1.2714632396E-017 1.0296336060E-017 -5.3344576199E-002 -1.2518857350E-001 -1.9828147083E-017 1.3314656197E-017 1.2518857350E-001 -5.3344576199E-002
123.00 1.4029797043E-001 4.4473464567E-003 -1.4232290207E-017 -6.4193582119E-018 4.4473464567E-003 1.4029797043E-001 -1.3097374207E-018 2.3587848202E-018 1.2025225026E-017 1.9348875560E-018 -6.0982243609E-002 -1.2627314671E-001 -9.9594522293E-018 1.8883774342E-018 1.2627314671E-001 -6.0982243609E-002
124.00 1.4444602020E-001 1.3339152648E-003 -2.7775884199E-017 -2.3909588744E-017 1.3339152648E-003 1.4444602020E-001 2.1203744548E-018 4.7923134498E-018 3.4296057890E-017 5.5404349169E-018 -6.8732522659E-002 -1.2703823736E-001 -1.3048746491E-017 2.9501150195E-019 1.2703823736E-001 -6.8732522659E-002
125.00 1.4873493362E-001 -1.6175494586E-003 -3.3185438764E-017 -4.7173949998E-017 -1.6175494586E-003 1.4873493362E-001 -1.9946030074E-018 -1.8868221910E-017 5.7717688001E-017 -1.7828227121E-017 -7.6583334406E-002 -1.2749296805E-001 -4.0696158160E-018 -7.9612143364E-018 1.2749296805E-001 -7.6583334406E-002
126.00 1.5315702663E-001 -4.4000177722E-003 5.7306656065E-017 5.5505906857E-017 -4.4000177722E-003 1.5315702663E-001 3.2387827998E-017 3.7462811304E-017 -7.9362310195E-017 5.1376649956E-017 -8.4522188642E-002 -1.2764683419E-001 1.7325521065E-017 -6.8165172021E-018 1.2764683419E-001 -8.4522188642E-002
127.00 1.5770477189E-001 -7.0078998170E-003 -7.3641204604E-017 9.3749606334E-018 -7.0078998170E-003 1.5770477189E-001 -6.7503817591E-017 1.2790842772E-017 3.7004028853E-017 -3.0911667614E-017 -9.2536295713E-002 -1.2750967960E-001 -6.7935341342E-017 6.5103238826E-017 1.2750967960E-001 -9.2536295713E-002
128.00 1.6237074497E-001 -9.4369744000E-003 -5.7649812134E-017 -4.5388824771E-017 -9.4369744000E-003 1.6237074497E-001 -5.4904895806E-017 -4.8182719504E-017 7.5674438970E-017 -7.6133716348E-017 -1.0061266844E-001 -1.2709167277E-001 -1.7821559455E-017 1.4154918547E-017 1.2709167277E-001 -1.0061266844E-001
129.00 1.6714757730E-001 -1.1684315703E-002 1.3029428681E-017 1.5407046741E-017 -1.1684315703E-002 1.6714757730E-001 -4.7938213628E-018 5.5360842658E-018 -2.0301571612E-017 2.4871292282E-018 -1.0873821452E-001 -1.2640328345E-001 -6.7823976867E-019 7.2741912641E-018 1.2640328345E-001 -1.0873821452E-001
130.00 1.7202791520E-001 -1.3748218661E-002 -6.8234376570E-017 6.3251853615E-018 -1.3748218661E-002 1.7202791520E-001 -4.7201041945E-017 2.3957354485E-017 4.3198190999E-017 -1.8055879715E-017 -1.1689981985E-001 -1.2545525980E-001 -5.8485288366E-017 5.5376465646E-017 1.2545525980E-001 -1.1689981985E-001
131.00 1.7700438494E-001 -1.5628123519E-002 -2.2008269267E-017 1.4231179752E-017 -1.5628123519E-002 1.7700438494E-001 -1.8335275389E-017 1.8120706831E-017 5.6269814691E-018 -7.3299166279E-019 -1.2508442313E-001 -1.2425860586E-001 -2.7992092447E-017 2.8148442757E-017 1.2425860586E-001 -1.2508442313E-001
132.00 1.8206956326E-001 -1.7324540038E-002 -5.3527581666E-017 -2.7626827032E-017 -1.7324540038E-002 1.8206956326E-001 -3.0762301406E-017 -6.0187156959E-018 6.0901022322E-017 -3.2373887756E-017 -1.3327908233E-001 -1.2282455940E-001 -1.7601152257E-017 1.8021293729E-017 1.2282455940E-001 -1.3327908233E-001
133.00 1.8721595322E-001 -1.8838971762E-002 -2.6989141399E-017 -4.0359684261E-017 -1.8838971762E-002 1.8721595322E-001 -2.4359768151E-017 -2.8536825348E-017 5.0739514820E-017 -4.1982180982E-017 -1.4147103324E-001 -1.2116457005E-001 1.3753696889E-017 -7.1826081972E-018 1.2116457005E-001 -1.4147103324E-001
134.00 1.9243596484E-001 -2.0173840768E-002 2.5309649766E-017 -7.1828990050E-018 -2.0173840768E-002 1.9243596484E-001 4.0690267607E-017 7.7518099597E-018 -1.9262081364E-017 3.8467405793E-017 -1.4964774088E-001 -1.1929027773E-001 2.3546251587E-017 -2.1663989937E-017 1.1929027773E-001 -1.4964774088E-001
135.00 1.9772190035E-001 -2.1332413217E-002 -7.4895166688E-017 1.7974084330E-018 -2.1332413217E-002 1.9772190035E-001 -3.9576366035E-017 1.1848863541E-017 6.2078938418E-017 -3.1258431672E-017 -1.5779694385E-001 -1.1721349127E-001 -4.9967006827E-017 3.8308934483E-017 1.1721349127E-001 -1.5779694385E-001
136.00 2.0306594367E-001 -2.2318726051E-002 -3.3649776957E-017 -3.8911269260E-017 -2.2318726051E-002 2.0306594367E-001 8.0751559386E-018 -1.0490109354E-017 5.0050141183E-017 -4.8414363510E-018 -1.6590669241E-001 -1.1494616722E-001 1.4361130079E-017 -1.4719896624E-017 1.1494616722E-001 -1.6590669241E-001
137.00 2.0846015375E-001 -2.3137515124E-002 1.9225462527E-017 8.8138912449E-018 -2.3137515124E-002 2.0846015375E-001 2.0894004258E-017 -1.9332693215E-018 -2.2902438038E-017 1.8935251106E-017 -1.7396538049E-001 -1.1250038883E-001 4.5061787938E-018 -1.3389452450E-017 1.1250038883E-001 -1.7396538049E-001
138.00 2.1389646158E-001 -2.3794145002E-002 4.4091389889E-018 -3.1950292326E-017 -2.3794145002E-002 2.1389646158E-001 -1.1148239503E-017 -3.1597912579E-017 1.5718783947E-017 -2.7465675313E-017 -1.8196177221E-001 -1.0988834513E-001 3.2196810144E-017 -2.4734612770E-017 1.0988834513E-001 -1.8196177221E-001
139.00 2.1936667044E-001 -2.4294540689E-002 -8.7062692040E-017 -3.9850871248E-018 -2.4294540689E-002 2.1936667044E-001 -3.8182384231E-017 1.2937700109E-017 8.1265363922E-017 -3.5733100513E-017 -1.8988502325E-001 -1.0712231017E-001 -4.2896767574E-017 3.4595127613E-017 1.0712231017E-001 -1.8988502325E-001
140.00 2.2486245917E-001 -2.4645121454E-002 -2.3199064814E-017 2.1371987568E-017 -2.4645121454E-002 2.2486245917E-001 -2.1380312991E-017 2.6511901045E-017 1.1344294772E-017 -7.7561621242E-018 -1.9772469758E-001 -1.0421462230E-001 -3.3589066916E-017 3.6902582688E-017 1.0421462230E-001 -1.9772469758E-001
141.00 2.3037538817E-001 -2.4852736946E-002 6.2023616664E-017 -2.0302132258E-017 -2.4852736946E-002 2.3037538817E-001 2.3975348834E-017 -3.6302007592E-017 -4.7542349838E-017 1.0569005858E-017 -2.0547077979E-001 -1.0117766349E-001 5.0564560706E-017 -4.8362107598E-017 1.0117766349E-001 -2.0547077979E-001
142.00 2.3589690777E-001 -2.4924605750E-002 3.1655501997E-017 5.2672085920E-019 -2.4924605750E-002 2.3589690777E-001 2.8809240667E-017 1.0167186406E-017 -3.2374826776E-017 3.3672335559E-017 -2.1311368361E-001 -9.8023838850E-002 1.3119006816E-017 -4.1722119189E-018 9.8023838850E-002 -2.1311368361E-001
143.00 2.4141836893E-001 -2.4868256490E-002 5.1566265933E-017 -4.7350152103E-018 -2.4868256490E-002 2.4141836893E-001 5.4047153360E-017 -1.2065957189E-018 -5.0849345039E-017 5.4160687456E-017 -2.2064425679E-001 -9.4765556071E-002 2.7156347173E-017 -2.5115603223E-017 9.4765556071E-002 -2.2064425679E-001
144.00 2.4693103563E-001 -2.4691471613E-002 -4.2684407270E-017 1.9893093864E-017 -2.4691471613E-002 2.4693103563E-001 2.2786653236E-017 4.1734787054E-017 2.8694397129E-017 3.3625865096E-017 -2.2805378287E-001 -9.1415205021E-002 -3.7560524839E-017 3.3864330171E-017 9.1415205021E-002 -2.2805378287E-001
145.00 2.5242609921E-001 -2.4402233914E-002 -9.6818014862E-019 -4.2322733556E-017 -2.4402233914E-002 2.5242609921E-001 3.8505145582E-018 -3.1419546082E-017 1.6520605629E-017 -8.9588035978E-018 -2.3533398000E-001 -8.7985137393E-002 4.2477936661E-017 -3.4740589248E-017 8.7985137393E-002 -2.3533398000E-001
146.00 2.5789469393E-001 -2.4008675878E-002 4.2075411227E-017 -1.2391269238E-017 -2.4008675878E-002 2.5789469393E-001 7.3929326763E-017 6.6698112749E-018 -4.2543695499E-017 7.5655281324E-017 -2.4247699733E-001 -8.4487646447E-002 2.7342494451E-017 -2.0494008688E-017 8.4487646447E-002 -2.4247699733E-001
147.00 2.6332791388E-001 -2.3519031882E-002 6.9920394439E-017 2.9491629402E-017 -2.3519031882E-002 2.6332791388E-001 6.3964727277E-017 3.3736536728E-017 -8.2301660279E-017 7.8319637219E-017 -2.4947540909E-001 -8.0934946861E-002 -7.6093248463E-018 1.2981603058E-017 8.0934946861E-002 -2.4947540909E-001
148.00 2.6871683093E-001 -2.2941593294E-002 3.0927828413E-017 -3.2522861580E-017 -2.2941593294E-002 2.6871683093E-001 -8.0394772898E-018 -4.8388181824E-017 -1.8431560668E-017 -2.0021627424E-017 -2.5632220674E-001 -7.7339154710E-002 4.3987697162E-017 -4.7597863452E-017 7.7339154710E-002 -2.5632220674E-001
149.00 2.7405251345E-001 -2.2284666465E-002 3.6488723542E-017 -2.8739881351E-017 -2.2284666465E-002 2.7405251345E-001 3.7843197028E-017 -2.4461935633E-017 -2.9904331245E-017 3.2170595035E-017 -2.6301078946E-001 -7.3712267599E-002 4.0400163377E-017 -3.6940237867E-017 7.3712267599E-002 -2.6301078946E-001
150.00 2.7932604572E-001 -2.1556533630E-002 -5.2024009010E-018 1.4174646941E-017 -2.1556533630E-002 2.7932604572E-001 8.4707338276E-019 1.9222782424E-017 1.0354438934E-018 5.5593153145E-018 -2.6953495321E-001 -7.0066144980E-002 -1.6496095011E-017 1.9609554159E-017 7.0066144980E-002 -2.6953495321E-001
151.00 2.8452854781E-001 -2.0765416682E-002 -4.7088415254E-017 -1.5315856622E-017 -2.0765416682E-002 2.8452854781E-001 -3.4282174696E-017 -2.1759573484E-018 5.1973392447E-017 -3.7542210469E-017 -2.7588887860E-001 -6.6412488681E-002 3.4481301720E-018 5.6403487761E-018 6.6412488681E-002 -2.7588887860E-001
152.00 2.8965119579E-001 -1.9919443807E-002 8.3133097679E-017 2.7333347314E-017 -1.9919443807E-002 2.8965119579E-001 4.4324161619E-017 1.0020253973E-017 -9.0424434471E-017 5.1553360070E-017 -2.8206711780E-001 -6.2762823673E-002 -8.6555349064E-018 7.4879048357E-019 6.2762823673E-002 -2.8206711780E-001
153.00 2.9468524213E-001 -1.9026618905E-002 1.9869677368E-017 7.6753476836E-017 -1.9026618905E-002 2.9468524213E-001 -9.8139624769E-018 6.5076528447E-017 -3.5194201956E-017 5.7364523042E-018 -2.8806458071E-001 -5.9128479127E-002 -7.5591811819E-017 7.0464282508E-017 5.9128479127E-002 -2.8806458071E-001
154.00 2.9962203610E-001 -1.8094793767E-002 3.3176554701E-017 -8.9925945924E-018 -1.8094793767E-002 2.9962203610E-001 4.1233924175E-017 -1.6544280470E-018 -3.3419843796E-017 4.2154952018E-017 -2.9387652048E-001 -5.5520569777E-002 1.5584112667E-017 -1.0204589311E-017 5.5520569777E-002 -2.9387652048E-001
155.00 3.0445304417E-001 -1.7131642916E-002 -2.1339194113E-017 -2.9594380600E-017 -1.7131642916E-002 3.0445304417E-001 2.7281553463E-017 -5.4833828219E-018 2.4662312865E-017 2.4514181882E-017 -2.9949851876E-001 -5.1949977633E-002 2.6119768643E-017 -1.1519069169E-017 5.1949977633E-002 -2.9949851876E-001
156.00 3.0916987013E-001 -1.6144641034E-002 -6.7538864134E-018 -2.3895925225E-017 -1.6144641034E-002 3.0916987013E-001 1.7115614683E-017 -6.6887098738E-018 9.6035650142E-018 1.5331511697E-017 -3.0492647061E-001 -4.8427334085E-002 2.3057400865E-017 -1.0481880863E-017 4.8427334085E-002 -3.0492647061E-001
157.00 3.1376427500E-001 -1.5141042886E-002 2.6134565091E-017 -5.9437807626E-018 -1.5141042886E-002 3.1376427500E-001 -3.1173331606E-018 -1.5842440117E-017 -2.4781765318E-017 -4.1558691167E-018 -3.1015656933E-001 -4.4963002420E-002 1.0378886083E-017 -1.5714406547E-017 4.4963002420E-002 -3.1015656933E-001
158.00 3.1822819650E-001 -1.4127865628E-002 -3.1188037529E-018 -8.0692689430E-018 -1.4127865628E-002 3.1822819650E-001 2.1370418303E-017 5.4636640428E-018 3.1778958362E-018 2.1738655362E-017 -3.1518529141E-001 -4.1567060805E-002 7.4831639238E-018 2.2877920313E-018 4.1567060805E-002 -3.1518529141E-001
159.00 3.2255376814E-001 -1.3111873384E-002 1.6288693802E-017 2.5523891099E-018 -1.3111873384E-002 3.2255376814E-001 2.5111663298E-017 1.2645262897E-017 -1.7565596632E-017 2.7127129979E-017 -3.2000938151E-001 -3.8249285749E-002 -9.9126558337E-019 9.6080009867E-018 3.8249285749E-002 -3.2000938151E-001
160.00 3.2673333764E-001 -1.2099563985E-002 3.1766726333E-018 1.8656529287E-017 -1.2099563985E-002 3.2673333764E-001 2.6939927582E-017 3.1198090795E-017 -6.2794220541E-018 3.0342496087E-017 -3.2462583783E-001 -3.5019136099E-002 -1.9263079873E-017 2.8822795702E-017 3.5019136099E-002 -3.2462583783E-001
161.00 3.3075948494E-001 -1.1097157711E-002 -8.7520492363E-018 -4.2379119091E-017 -1.1097157711E-002 3.3075948494E-001 8.3385053210E-018 -2.7349230427E-017 1.2616107967E-017 5.2351662901E-018 -3.2903189771E-001 -3.1885737577E-002 4.2301431914E-017 -2.9429463659E-017 3.1885737577E-002 -3.2903189771E-001
162.00 3.3462503941E-001 -1.0110587932E-002 4.5546583346E-018 -3.1397613215E-017 -1.0110587932E-002 3.3462503941E-001 1.0129475919E-017 -8.6885685004E-018 -2.1119572286E-018 9.4016109100E-018 -3.3322502378E-001 -2.8857867909E-002 3.1976051970E-017 -1.0491923182E-017 2.8857867909E-002 -3.3322502378E-001
163.00 3.3832309643E-001 -9.1454934827E-003 -1.2109780475E-017 5.1348215714E-018 -9.1454934827E-003 3.3832309643E-001 -1.3832989458E-018 5.2431071163E-018 1.1710884275E-017 -1.2932234114E-018 -3.3720289051E-001 -2.5943942556E-002 -6.1951012381E-018 5.4992886413E-018 2.5943942556E-002 -3.3720289051E-001
164.00 3.4184703325E-001 -8.2072126297E-003 1.3412335598E-017 -1.6944487436E-017 -8.2072126297E-003 3.4184703325E-001 6.0973563051E-018 -6.9804784505E-018 -1.2371869969E-017 5.9058628246E-018 -3.4096337142E-001 -2.3152001079E-002 1.7996497841E-017 -7.8074527234E-018 2.3152001079E-002 -3.4096337142E-001
165.00 3.4519052406E-001 -7.3007784891E-003 -1.7347331960E-017 1.1959231526E-017 -7.3007784891E-003 3.4519052406E-001 -2.2026304969E-017 1.5719262528E-017 1.7055811613E-017 -2.1410204150E-017 -3.4450452677E-001 -2.0489694161E-002 -1.3330578435E-017 1.7277394759E-017 2.0489694161E-002 -3.4450452677E-001
166.00 3.4834755426E-001 -6.4309157350E-003 -9.3606097258E-019 -2.8633043659E-018 -6.4309157350E-003 3.4834755426E-001 -2.3439753753E-018 -6.9485121197E-018 1.1325251205E-018 -2.7196987536E-018 -3.4782459206E-001 -1.7964271299E-002 2.9375880938E-018 -6.8714332456E-018 1.7964271299E-002 -3.4782459206E-001
167.00 3.5131243395E-001 -5.6020384504E-003 8.6999869096E-018 4.9091258130E-018 -5.6020384504E-003 3.5131243395E-001 6.1987281121E-018 3.6323983320E-018 -9.0116589006E-018 6.4966548282E-018 -3.5092196704E-001 -1.5582569191E-002 -4.5724153100E-018 3.4263265063E-018 1.5582569191E-002 -3.5092196704E-001
168.00 3.5407981055E-001 -4.8182489695E-003 2.6881805454E-017 -5.3883501306E-018 -4.8182489695E-003 3.5407981055E-001 2.5393904442E-017 3.6083201514E-018 -2.7009154350E-017 2.5877084445E-017 -3.5379520558E-001 -1.3351000829E-002 6.3627754564E-018 2.5613290202E-018 1.3351000829E-002 -3.5379520558E-001
169.00 3.5664468057E-001 -4.0833375605E-003 -1.1233201938E-017 -5.0379475128E-017 -4.0833375605E-003 3.5664468057E-001 1.8214122862E-018 -4.1866220523E-017 1.2815620977E-017 3.5002540233E-019 -3.5644300612E-001 -1.1275545307E-002 5.0482187338E-017 -4.2478117723E-017 1.1275545307E-002 -3.5644300612E-001
170.00 3.5900240056E-001 -3.4007828052E-003 -1.1674902484E-017 -9.2318769101E-018 -3.4007828052E-003 3.5900240056E-001 -2.3822201542E-017 -2.0941663163E-017 1.2142989236E-017 -2.4474157819E-017 -3.5886420293E-001 -9.3617383669E-003 9.1171103318E-018 -2.0398753160E-017 9.3617383669E-003 -3.5886420293E-001
171.00 3.6114869719E-001 -2.7737525330E-003 2.7153683557E-017 4.4360265318E-018 -2.7737525330E-003 3.6114869719E-001 1.7133872359E-017 1.3884163952E-017 -2.7375802216E-017 1.7632555594E-017 -3.6105775809E-001 -7.6146636732E-003 -3.9664537843E-018 1.3549871378E-017 7.6146636732E-003 -3.6105775809E-001
172.00 3.6307967639E-001 -2.2051051740E-003 -2.8982106939E-018 -1.4187369730E-017 -2.2051051740E-003 3.6307967639E-001 5.5398649641E-018 5.3909503438E-018 3.0996581888E-018 5.6098364878E-018 -3.6302275419E-001 -6.0389448410E-003 1.4105284790E-017 5.2122968847E-018 6.0389448410E-003 -3.6302275419E-001
173.00 3.6479183168E-001 -1.6973914040E-003 2.0002139702E-018 -5.3334242475E-018 -1.6973914040E-003 3.6479183168E-001 1.5888135042E-017 1.4057815504E-019 -2.0061832285E-018 1.5897800888E-017 -3.6475838775E-001 -4.6387382102E-003 5.3587722961E-018 -8.6404818367E-020 4.6387382102E-003 -3.6475838775E-001
174.00 3.6628205166E-001 -1.2528559602E-003 8.8928339352E-018 -1.2268605272E-017 -1.2528559602E-003 3.6628205166E-001 1.6238152809E-017 4.1854957342E-018 -8.8336944139E-018 1.6306620553E-017 -3.6626396338E-001 -3.4177263767E-003 1.2337324140E-017 3.9915736968E-018 3.4177263767E-003 -3.6626396338E-001
175.00 3.6754762651E-001 -8.7343951906E-004 1.5075996314E-017 5.8286805672E-019 -8.7343951906E-004 3.6754762651E-001 1.6614018927E-017 7.0505633066E-018 -1.5119085196E-017 1.6695190771E-017 -3.6753888866E-001 -2.3791124800E-003 -5.0177005169E-019 6.9440466054E-018 2.3791124800E-003 -3.6753888866E-001
176.00 3.6858625368E-001 -5.6078053376E-004 7.5404746544E-018 -8.4253463338E-018 -5.6078053376E-004 3.6858625368E-001 5.4217368777E-018 4.1355164885E-019 -7.5137967305E-018 5.4348276545E-018 -3.6858266973E-001 -1.5256152517E-003 8.4558997161E-018 3.7824140478E-019 1.5256152517E-003 -3.6858266973E-001
177.00 3.6939604274E-001 -3.1621694535E-004 1.5943345900E-017 -7.8406765227E-018 -3.1621694535E-004 3.6939604274E-001 1.7806991896E-017 -6.1523714280E-019 -1.5940308058E-017 1.7819151220E-017 -3.6939490754E-001 -8.5946482425E-004 7.8783153285E-018 -6.6341048386E-019 8.5946482425E-004 -3.6939490754E-001
178.00 3.6997551927E-001 -1.4078768907E-004 9.9052820969E-018 -1.2972433909E-017 -1.4078768907E-004 3.6997551927E-001 7.8698878011E-018 -2.1938887725E-018 -9.8948633563E-018 7.8713807846E-018 -3.6997529486E-001 -3.8239930135E-004 1.2983503763E-017 -2.2069622449E-018 3.8239930135E-004 -3.6997529486E-001
179.00 3.7032362793E-001 -3.5233933173E-005 9.8897344743E-018 -1.2093130239E-017 -3.5233933173E-005 3.7032362793E-001 6.6574752359E-018 -1.9101638147E-018 -9.8872436580E-018 6.6579222579E-018 -3.7032361390E-001 -9.5662090994E-005 1.2095866512E-017 -1.9130343476E-018 9.5662090994E-005 -3.7032361390E-001
180.00 3.7043973466E-001 4.4408920985E-016 1.0315924565E-017 -1.0550069433E-017 4.4408920985E-016 3.7043973466E-001 9.2560301183E-018 -6.0978897545E-019 -1.0315924565E-017 9.2560301183E-018 -3.7043973466E-001 -3.8857805862E-016 1.0550069433E-017 -6.0978897545E-019 3.8857805862E-016 -3.7043973466E-001
